6.03286  1.18786
4.03277  0.691274
1.1482  0.486426
3.32328  0.256301
2.09656  0.922218
5.41764  0.906352
0.157484  1.04113
2.11183  0.897344
0.20042  0.614889
0.0662249  1.13584
5.57182  0.268423
1.60745  0.894094
1.75298  0.396255
0.438643  1.21337
5.9889  0.894297
0.881831  0.377815
0.36461  0.88655
5.82107  0.775045
1.80922  0.977668
5.8584  1.13467
5.29926  0.717867
1.3508  0.489529
0.25514  0.241701
1.19797  1.00774
0.19149  1.37731
5.67469  1.21744
6.07616  1.02804
5.98612  0.949368
6.08574  1.09032
4.58629  0.871864
6.04371  0.718117
0.366682  1.22642
6.23065  1.14104
5.92594  0.684279
5.06863  0.864432
0.405533  1.24384
5.98676  1.11369
3.20133  0.702958
5.29934  1.04485
6.22305  0.995896
0.321059  1.28448
6.21769  1.32032
4.60138  0.563803
5.82126  1.06167
5.9011  0.707982
0.326607  0.963772
4.25214  0.312554
1.74551  0.885443
6.02431  1.36958
6.16709  1.02064
6.12389  0.609909
3.44  0.742564
1.45301  0.624491
5.23394  0.798571
2.38627  0.527015
0.141856  1.21726
0.367803  1.20086
0.00595143  1.08926
6.03944  1.26935
0.643612  0.687058
1.70546  0.789796
1.0787  1.0022
6.25851  0.809224
5.2429  1.0324
5.77423  0.906723
0.596816  1.08855
0.170898  1.39502
4.22229  0.386976
0.0580686  1.35443
5.77666  0.840826
0.0388959  0.624221
5.94445  1.21446
1.07892  0.561879
0.159287  1.38475
1.65287  0.651395
4.65895  0.958044
5.75491  1.27196
5.35703  1.09043
2.39991  0.314842
0.517405  0.505609
5.99119  0.597582
0.430858  0.343231
0.1622  0.875565
5.90428  1.11771
0.108557  1.09931
0.528829  0.575047
5.42502  0.873159
6.13421  0.729061
0.903376  1.19635
0.0081293  1.33281
1.43245  0.395437
0.246981  1.25885
5.93453  1.00488
0.222846  0.667191
5.91634  1.05263
1.75226  0.983734
5.76047  0.663763
0.143593  1.09284
1.23023  1.05835
1.18228  1.11027
0.340628  0.866018
4.53977  0.811336
4.76964  0.961756
6.25491  1.04116
1.2806  1.10024
4.67084  0.333756
0.79768  0.972313
0.775135  1.17097
6.24026  1.4698
1.7827  1.09538
1.48864  0.788081
6.27259  0.628008
5.4671  0.705927
1.09064  1.18753
6.11028  1.0564
5.99802  1.17043
6.26952  0.795634
6.1169  0.720643
5.94076  0.863538
6.22539  0.731131
5.62214  0.755196
5.92698  0.666266
4.37115  0.352247
6.16284  0.705323
0.596715  0.991313
0.0659619  0.543369
0.507293  0.924404
0.377759  1.10397
5.93252  0.910032
0.205161  1.33933
1.24284  0.625508
5.84007  1.03805
1.71412  0.441157
6.20953  1.20603
3.21995  0.648347
2.64647  0.714513
0.18732  0.897298
4.44024  0.892369
0.307295  0.898145
5.27124  0.512254
2.08151  0.889723
2.25242  0.783612
6.27724  1.37609
2.15916  0.787129
0.843933  1.24733
5.1743  0.987709
0.721187  0.312457
0.213492  1.1289
0.493458  0.519047
6.16413  1.0781
5.97125  1.27259
5.16328  1.12725
0.313798  1.14608
6.12037  0.252098
5.91037  0.685698
5.96502  1.12428
5.997  1.16978
6.15065  0.609659
0.365633  1.13145
0.739975  1.12123
5.48521  0.704687
0.93594  0.734872
0.75686  0.934912
4.45411  0.884332
4.07531  0.836455
0.193226  1.33846
0.144589  1.03015
6.11167  0.945192
0.923603  0.906582
5.88051  1.14703
0.225888  1.34025
5.54054  1.18955
5.02475  0.651331
6.07897  0.794599
3.78468  0.88035
6.19006  1.16853
2.80325  0.555397
3.94463  0.912288
0.605664  0.830604
1.72449  0.724075
0.0625313  0.764021
0.313614  0.758135
0.0591405  1.09082
2.07434  0.99257
0.694321  1.10713
4.79498  1.0325
0.73094  0.913259
1.33091  0.108996
3.50988  0.644609
1.36492  0.567419
0.0451608  1.13243
0.0273046  0.912391
5.17578  0.476614
5.78212  0.277268
4.68176  0.657855
5.14129  1.02731
5.42909  1.23201
0.64896  0.871271
5.41548  0.708439
5.56482  0.196214
0.212297  1.05233
0.698783  0.555219
4.73597  1.13896
0.558419  0.826362
5.04269  0.72608
0.257083  0.790351
4.20615  0.578633
5.85724  0.809457
0.311254  0.564364
1.58364  1.00658
5.81305  1.10874
5.64145  0.917897
1.83921  0.613424
4.87525  0.890222
5.69971  1.09457
0.92117  0.747357
4.79933  0.651711
0.82635  0.925638
3.73625  0.67191
5.9989  0.868377
0.30937  1.13038
0.188423  0.369035
0.146131  1.09065
4.78846  1.08521
0.0746699  1.00416
5.82648  1.30376
0.170218  1.38425
0.557535  0.853108
4.49091  0.75082
6.14195  0.934442
1.80526  0.959498
6.25616  1.29141
5.82363  1.01438
0.306685  1.32988
6.00468  0.731865
6.23336  0.873622
1.09303  0.947498
1.70094  1.07028
0.0430551  0.323017
0.496627  1.12
0.968465  0.923853
5.34112  0.673821
0.374726  1.18831
6.27838  1.10883
6.25339  1.00915
5.51887  0.353135
0.633422  0.832186
6.26279  1.35273
5.46573  0.710128
5.45658  0.697517
0.584053  0.817349
0.275651  0.747327
3.8627  0.604303
5.32394  1.09374
5.52631  1.03314
6.24487  0.846775
0.115364  1.43059
6.00148  1.16963
6.03927  1.09953
1.37915  0.599338
6.23143  1.33362
0.3714  1.31678
5.92587  1.27858
5.5201  1.06384
0.154661  1.14931
6.07069  1.32708
6.13995  0.878992
5.12057  1.14093
2.80701  0.506792
3.88474  0.59435
1.40143  0.848844
4.34405  0.483862
0.536102  1.04085
4.25655  0.769566
1.20854  0.962019
0.883103  0.985342
6.20888  1.38297
6.03458  0.994611
0.972522  0.501683
0.864815  1.12652
0.89542  0.850358
2.06973  0.94109
0.0304226  1.15795
5.9829  1.20204
2.42697  0.797547
0.00211601  1.01202
6.15755  0.797395
0.553284  0.921508
5.68575  1.32791
0.0842182  1.0777
1.11179  0.792694
6.13405  1.18391
6.24813  0.345279
5.9373  1.21631
5.40497  1.1068
4.56908  0.888266
0.446666  1.32243
0.97043  1.1345
5.29432  0.72139
4.31889  0.790308
1.43952  0.856513
1.01423  1.19871
5.94341  0.807089
4.16699  1.13517
0.73936  0.985865
0.350224  1.19617
5.52704  0.81989
6.22043  0.883947
5.72646  1.2808
0.356067  0.722939
0.521956  0.468509
6.23976  1.40435
0.17299  1.31994
4.92654  0.397269
0.291984  1.32253
1.51779  0.696739
4.68109  0.130509
6.16453  0.874365
0.188534  1.22109
3.70163  0.702769
0.642596  0.819488
5.57589  0.726629
0.0845039  1.14127
1.31743  0.994329
0.658413  1.08429
6.03844  1.33811
0.645983  1.16192
0.16878  1.08864
4.12963  0.357116
1.24361  0.42909
0.466146  1.01007
5.84937  0.396787
6.0232  1.22658
0.835194  1.15107
4.97813  0.909075
0.284198  1.20579
0.433318  1.17363
4.95236  0.980112
1.24656  0.747827
5.76598  1.13375
0.230454  1.10337
1.1412  0.756978
6.26685  1.06355
4.85293  0.281423
5.83734  0.862165
2.87697  0.527613
0.349158  1.149
4.63473  0.452063
0.83978  1.17674
6.23521  0.289765
0.248939  1.32022
4.7734  0.977377
5.35958  0.76138
6.10762  0.774425
0.354203  1.20637
5.70503  0.951258
4.54468  0.784257
0.556532  0.921259
5.90404  0.875198
0.421371  1.1849
5.70165  0.834958
5.52633  0.994384
6.22722  1.0886
4.34567  1.09488
5.88223  0.918147
0.0427838  1.32558
5.96928  1.15886
5.62858  0.785404
6.23748  1.14609
0.381564  1.04898
6.25209  1.20521
5.95962  0.968089
4.77489  0.606644
4.36531  0.727448
6.01562  1.11766
6.28045  1.15446
4.67529  1.11006
5.02752  0.882729
5.52792  0.746676
0.141904  1.0199
0.0499583  0.69637
0.417044  0.989299
3.89703  0.410807
6.22151  0.333697
0.17169  0.86647
0.0973208  1.39712
5.5095  0.849523
0.256453  1.10624
4.43614  0.818937
6.00941  1.17562
5.49923  0.573751
0.591698  1.07466
5.63948  0.774789
0.609996  0.727736
0.0484588  0.84995
0.197581  0.712275
0.660829  1.10162
1.21278  0.664647
0.943619  0.479709
2.96064  0.608785
1.88418  1.09481
0.173817  1.03843
2.39962  0.902484
2.22104  0.518818
6.04171  1.15397
4.34258  0.8472
1.76318  1.01273
0.0415247  0.857581
5.13845  1.13743
5.61057  0.699199
0.38024  0.95277
5.76395  0.425825
4.63437  0.781233
0.0443524  1.25307
2.09238  1.05368
4.90552  0.906373
0.0777802  0.497358
6.13571  0.71987
1.72039  1.17108
4.66577  0.764918
4.89769  1.08137
5.79838  1.01877
6.17681  1.12714
0.0894105  1.21607
0.340298  0.817954
0.0141554  0.858774
0.182316  0.170011
5.15686  0.621153
6.25853  1.21344
5.13635  0.595322
1.08015  0.640657
6.1005  1.13235
1.90477  0.470193
5.77507  0.239301
0.220751  1.312
0.6534  1.01847
0.156692  0.815113
5.40054  0.809243
1.32583  0.697571
3.99783  0.339624
0.321735  0.979914
1.34197  1.07708
6.06915  1.08334
1.09284  0.84496
5.89346  0.395607
0.152662  0.724037
0.562289  0.935239
1.75958  0.867279
0.222701  0.722811
0.305003  1.13771
0.387801  1.1086
2.67491  0.700423
2.25993  0.681925
5.49302  0.617091
6.22443  1.33056
5.87672  1.08236
4.75682  0.130246
4.60355  0.943764
0.314352  1.34092
0.23491  0.858388
0.319966  0.904896
0.0211986  0.728356
5.12827  1.12543
0.245705  0.95149
1.04403  0.439514
2.22991  0.879895
0.036262  1.47121
5.88454  1.12755
0.580202  1.0933
6.15681  0.848887
0.406104  1.14225
0.0357084  1.00898
0.363702  0.843627
1.0171  0.977319
4.527  0.703761
6.00615  0.998391
4.27569  1.09861
0.0924118  1.13818
5.026  0.741997
6.09588  0.638502
5.76456  1.23593
0.46117  1.01581
6.07576  1.12463
0.406392  1.05076
5.90112  0.599496
1.25616  0.768176
5.37719  0.405387
0.958757  0.809375
1.15985  0.852848
0.148535  0.99296
0.679446  0.656809
3.06922  0.421136
5.25507  0.980637
5.84663  0.993423
0.276862  1.03336
5.61992  1.14931
0.993067  0.826028
4.84865  0.656442
4.68625  0.937784
0.929637  1.09468
5.76872  0.423668
1.02593  1.04412
4.20137  0.498701
0.370872  1.00076
4.32996  0.835398
4.61649  0.769927
2.63804  0.671
5.70171  0.826118
2.27864  0.411514
1.50361  0.39277
2.84173  0.669224
1.601  0.847156
2.55207  0.551184
3.37886  0.321362
3.15552  1.34006
3.12314  0.954972
3.19423  1.35461
1.53609  0.662742
2.53007  1.16356
3.75171  1.06664
2.66696  0.714805
3.35288  1.37266
4.01744  0.488951
3.27194  1.13508
1.34705  0.662502
2.41108  1.22473
3.72473  0.781219
1.95755  0.818284
4.55796  0.339313
3.15946  1.46054
4.84018  0.704732
5.88333  0.636369
3.73534  0.976523
3.88009  1.00161
3.90229  0.848886
3.81374  1.04248
4.06001  1.22676
5.14935  0.600691
2.23659  0.649421
3.2293  0.82881
2.95956  1.34037
1.32984  0.664454
3.29734  0.656507
1.51442  0.903064
3.11656  1.06289
1.9809  1.00321
3.74261  0.946041
1.271  0.849347
3.31362  0.546678
0.817205  0.819588
2.84306  0.954031
3.70715  0.679915
1.3063  0.599772
4.43302  0.313372
2.88475  1.08991
2.95106  0.89775
3.10314  0.867851
4.24297  1.03214
3.20123  0.861477
2.0257  1.03365
2.84908  0.621784
3.70726  1.06697
2.221  0.927953
2.36249  0.821454
4.38406  1.09988
3.63327  0.574375
2.30793  0.816945
3.5252  1.17136
3.07193  0.317719
2.87218  1.30025
5.14996  0.601746
3.52238  1.40913
0.898211  0.445904
1.21368  1.02618
1.01564  0.743461
3.13855  1.38262
3.99217  1.05695
2.55633  1.13365
3.57705  1.21721
0.181544  0.665041
4.22633  0.46601
2.40475  0.65487
3.70476  0.568226
4.95136  0.638938
3.89524  0.638659
1.8543  0.236458
3.71154  0.753973
1.70242  0.435587
2.18454  1.07217
5.16242  0.853514
5.44145  0.3357
3.52379  0.833224
3.33927  0.92435
2.58567  0.826601
2.71676  0.310408
3.65771  0.908065
3.69141  1.12733
2.99904  0.89889
4.3736  0.306597
2.45432  0.470822
3.69722  0.588418
2.15954  0.957881
5.18079  0.730656
3.04807  0.798543
2.63652  0.84814
2.68103  1.02141
2.77327  1.28
1.67142  0.817906
2.83767  1.14346
2.20548  1.0169
2.9747  1.19415
2.90868  1.02381
2.72047  1.24099
4.14943  0.996011
1.50612  0.164012
4.18497  1.14122
2.80076  1.06885
3.11651  0.850656
2.14172  0.871612
4.85268  0.980493
5.55439  0.821129
3.47799  1.30949
2.4141  0.725757
3.26407  1.25364
4.19927  0.541828
4.61697  0.758652
3.12626  0.679715
4.98572  0.4967
4.89195  0.937025
3.23971  1.00336
3.20101  1.31142
3.57639  0.609663
2.6887  0.759976
3.27936  1.44688
2.59597  0.514984
3.90365  1.19567
6.03281  0.576728
3.06107  1.45699
4.17684  0.365226
3.95111  0.676359
2.55533  0.503496
2.94705  1.1534
2.84788  1.33917
3.82807  0.833469
2.96233  0.921353
2.7732  1.14539
3.27806  1.13222
3.85565  0.653764
4.37964  0.700823
1.08241  0.674586
2.57401  0.718983
2.73026  0.982816
2.89587  1.24875
4.26737  0.434393
0.461903  0.60321
2.98987  1.04245
4.34174  1.07496
3.29318  1.05992
3.16797  1.37962
3.50972  1.20327
3.27574  0.40027
3.55955  1.10953
2.61133  0.928987
3.42538  1.05509
3.89758  0.620193
3.98869  0.697639
3.44635  1.41942
3.08958  1.39886
3.35726  0.979821
5.15509  0.844001
0.718468  0.79974
3.08379  1.03707
3.4438  1.07108
4.04518  0.793711
3.89519  0.933491
3.53684  1.20382
3.54675  0.985117
3.52959  1.07525
3.56372  0.754438
3.30055  1.14745
2.97497  1.15395
1.64427  0.455775
3.84096  1.0848
1.79532  1.05988
3.5533  1.32751
3.10006  1.11004
3.14929  0.318851
3.44395  0.805459
3.36168  0.891634
3.31796  1.14432
3.86154  0.486596
2.23473  0.985385
4.11401  1.15569
3.5173  0.954043
3.23107  0.645248
4.18419  0.701217
4.12662  0.938869
3.64647  1.30916
2.53824  1.05834
2.83036  1.00037
0.562602  0.611167
1.01187  0.843417
3.27732  0.939367
4.82567  0.815131
3.46339  1.06206
3.07992  1.23487
2.73057  1.23701
3.07888  0.765019
4.45461  0.631291
2.47585  1.25098
3.0295  1.27225
3.04058  1.20182
3.39203  0.778039
3.07365  0.289692
2.43209  1.27546
2.14856  1.11063
2.60942  0.93661
3.04884  0.542313
1.20351  0.947761
4.23254  0.261798
3.70314  0.515378
2.28979  0.893466
5.50031  0.48089
4.43299  0.686646
2.93634  1.07232
3.983  1.25282
0.965876  0.53499
3.12786  1.04828
5.74255  0.267903
3.69345  0.35728
1.62466  0.495221
2.37519  1.08272
3.87188  1.05872
4.20054  0.963393
3.56659  1.00421
0.0921533  0.743098
3.32177  1.38216
2.72262  1.0555
2.44014  1.06904
2.5134  1.29816
4.71409  0.780414
2.44423  0.674603
6.17945  0.854589
2.02434  0.694159
0.578031  0.837106
5.79508  0.5107
3.30623  1.22368
5.21099  0.842628
3.4362  0.595718
3.46466  0.877789
5.24002  0.933143
3.20453  1.06326
3.46177  1.03352
3.40621  0.263729
3.9263  0.993657
3.19674  1.07429
1.10359  0.525776
2.97082  1.06136
4.14548  0.363865
4.92079  0.545939
3.87267  0.443766
3.18997  0.884522
2.47837  0.881126
3.88305  0.864614
3.04357  1.12911
2.40305  1.14997
2.74116  0.799858
3.0244  1.06196
1.2382  0.550314
3.00781  1.27904
3.23519  1.40378
3.24615  1.02568
2.7552  0.687283
3.29152  0.880333
3.38864  0.882327
1.59652  0.789964
5.88919  0.70346
2.46039  1.01715
2.75774  0.943302
3.26965  1.0959
0.877918  0.607592
3.0168  0.785217
2.70467  1.22353
2.49869  1.22693
4.39582  0.310621
6.22671  0.800268
4.23342  0.922129
3.31095  0.361269
3.93274  1.25269
3.39492  1.20445
2.54773  0.96902
2.94448  0.755004
3.14811  1.06131
2.16434  0.900922
2.71115  1.10182
3.05874  0.997493
2.84957  1.1467
3.80403  1.02107
5.20592  0.963348
3.79715  1.03641
3.99782  1.07959
2.75032  1.31553
2.16805  1.03437
5.37826  0.32101
1.75347  0.639195
2.64499  0.472197
2.76285  0.778688
3.59128  1.06208
3.22621  1.01199
3.83615  1.08792
5.30377  0.218419
3.94141  0.988549
2.5795  0.855828
3.92887  0.445506
2.88012  1.15445
2.95648  0.990587
3.72785  0.794712
4.3497  1.12994
2.92691  0.881803
3.15629  1.18312
3.11296  1.22861
2.77461  0.919876
2.86605  0.91891
2.22945  1.13945
3.15137  1.27165
4.01332  0.61527
2.64121  1.15468
1.96632  1.17447
4.7385  0.977681
2.88262  0.877726
2.16183  0.889659
0.143568  0.730419
1.95135  1.05243
5.84634  0.54963
1.83211  0.643095
4.4509  1.13551
4.33705  0.270289
2.71443  0.534433
3.08005  0.641145
5.11604  1.19082
3.41051  0.810938
5.76959  0.912068
3.16987  0.882343
3.01169  0.823845
2.83719  1.21765
3.24151  0.949771
3.10787  1.25789
1.91326  0.274703
4.76069  0.732971
3.09516  0.898872
3.66649  0.518672
0.689851  0.657583
4.4996  0.770739
3.20417  1.03693
3.02875  1.26453
3.21416  1.38956
2.2379  0.344208
2.56997  1.15867
1.58431  1.0675
2.07796  0.890129
3.89408  0.993929
1.24959  0.764705
1.24377  0.786737
3.85538  0.86204
2.84743  1.24182
3.45171  0.883395
0.381369  0.557978
3.82422  0.690605
4.96862  1.04105
2.77462  1.32231
3.15197  0.802727
2.40023  0.964667
3.81238  0.843141
2.31053  0.635838
1.09104  0.56753
5.11352  0.472157
6.10676  0.306767
3.4657  0.79069
5.48767  0.476136
4.45614  0.488709
3.70377  1.07463
2.45909  0.873411
2.27498  0.816092
1.15005  1.13815
5.95171  0.220803
3.19404  1.22674
2.68764  1.3003
4.31303  0.827779
4.32212  0.763183
0.538599  0.131385
3.00052  1.26828
2.19205  0.612639
3.30856  1.07917
0.988004  0.648416
2.47744  0.636857
2.36946  1.191
4.0764  0.945655
3.58355  1.28849
2.73137  0.790156
3.0061  1.24017
2.47793  0.729179
3.54913  0.953113
2.65211  0.745633
5.11451  0.534794
4.43318  0.693528
0.623982  0.472488
3.53105  1.27142
2.78747  1.02289
4.71758  0.635175
1.64306  0.893222
2.48369  1.1357
2.49288  0.590528
3.59015  0.550118
3.04477  0.808625
3.13495  0.999936
0.763966  0.91317
2.25786  0.866012
5.8828  0.684869
1.08619  0.601926
2.8871  1.07488
2.9339  1.17016
3.66981  1.14894
0.71774  0.603752
3.15257  1.03686
3.21142  0.960193
4.38962  0.422709
2.69894  1.10829
4.42249  0.753112
2.25552  0.856318
4.70346  0.756554
2.68784  1.02764
3.38121  0.650464
2.08148  0.621659
2.8137  0.553401
5.00617  0.775627
3.17423  1.14578
0.493049  0.277124
4.13121  1.05067
5.07429  0.834468
3.22608  1.34853
0.600072  0.417563
2.07935  1.10822
3.55826  0.915397
2.31818  1.09723
2.54944  0.846294
3.37591  1.20805
2.93339  1.27826
2.37491  0.267168
4.00415  1.04516
3.27695  0.360795
2.18691  0.907523
4.44371  0.605094
5.00133  0.773152
2.89308  1.22205
5.09119  0.729433
2.20541  0.639243
2.98212  0.801535
2.97771  1.26447
2.43602  1.14648
2.93025  1.08831
2.72006  0.900507
2.765  0.623548
4.48751  1.03989
3.83996  0.812261
4.23613  0.841357
4.71562  0.771501
1.02234  0.894871
2.80274  0.63755
3.02614  1.03183
3.21941  1.34689
3.96872  1.12515
3.02545  1.12928
0.170359  0.693797
6.16283  0.747009
2.95722  1.36035
2.94517  1.12838
2.09793  0.253332
2.85844  1.06339
1.64167  0.823635
3.24508  1.43189
3.5757  0.772008
3.15441  1.21899
2.94074  1.22254
5.87818  0.468908
2.6853  0.620153
3.02989  1.16041
3.30617  1.05187
3.14234  1.14639
5.06927  0.974772
2.83841  1.15435
3.03445  1.31454
1.16681  0.699328
2.675  0.527204
1.19461  0.630301
2.24809  1.1324
2.67009  0.148423
6.05868  0.687278
3.23867  0.847658
2.66031  0.926843
0.830304  0.64081
3.09645  0.901202
5.31121  0.628731
5.19449  0.915097
1.94995  0.901204
3.93272  0.815476
4.69635  0.934952
2.91255  1.04863
1.69659  0.891725
3.28443  1.36242
2.5174  0.54367
5.53252  0.794181
1.27453  0.688631
3.33363  0.978818
2.6606  0.65653
4.5928  1.08741
4.52293  0.692676
2.96327  0.881778
5.16887  0.724802
2.8586  1.05655
5.08571  0.694742
3.69513  1.23217
3.25576  1.29553
2.42492  0.797558
2.92045  0.934968
4.84054  0.61651
3.31763  0.918258
1.50702  0.813991
3.11926  1.33255
3.04586  1.24152
2.56344  0.552285
3.99614  1.12835
3.64631  0.717446
4.56682  0.540809
5.65562  0.481989
5.29117  0.234282
3.5068  1.24115
3.31213  1.25107
4.06802  0.800474
3.15354  0.817292
3.70256  0.940088
1.23578  0.428435
2.06738  1.00113
2.0576  0.503573
2.17915  0.748068
1.65937  0.841234
1.86302  0.691111
3.30752  1.40785
1.66645  1.06424
4.63004  0.848706
2.2338  0.45827
2.03022  0.528569
3.06499  1.01967
3.68412  0.867593
4.48043  1.01618
2.81456  1.22805
2.57505  0.572839
2.56261  0.904747
3.10594  0.867394
5.82455  0.838981
2.69533  0.294956
2.42775  0.495624
0.181472  0.835107
2.79731  1.19495
4.51087  0.642002
2.43214  1.08656
3.98674  0.691893
3.22868  0.780724
2.92243  1.05156
2.85692  1.00361
3.60769  0.947979
0.964443  0.700111
3.97423  0.8207
2.82989  0.6387
2.76802  0.823225
2.78804  0.957939
3.02285  0.471258
2.7222  1.06373
3.84959  0.928386
4.31641  0.695685
3.01395  1.38645
3.8749  0.462659
4.17429  1.01329
3.7104  1.09158
3.37014  0.363316
0.400204  0.186384
1.09019  0.675085
3.83826  0.914463
2.30868  0.601882
5.5756  0.678029
0.696284  0.24977
4.48046  0.756701
2.04458  0.993227
2.69425  0.554634
3.08441  1.36199
3.33094  0.561205
1.23466  0.796756
3.51435  0.514869
4.27032  0.407229
5.0837  1.08357
3.83439  0.667779
2.59993  1.03815
2.91153  1.31414
2.83837  0.859996
2.19622  0.737926
3.26408  0.610897
2.59727  0.931445
2.9708  1.16343
3.23631  1.02266
5.05054  0.636603
4.71213  0.65728
3.09361  0.449992
3.50443  0.785535
4.58075  0.734313
1.69112  1.1126
5.91295  0.323176
4.59186  1.06375
3.08891  1.07743
4.28333  0.482991
3.68867  0.963475
2.92344  0.624247
3.35102  1.44677
1.70558  0.691115
3.09302  1.20629
3.18223  0.900552
4.07853  0.686379
3.50536  1.27937
1.63111  0.964347
3.07905  1.24811
4.04675  0.742526
3.81657  0.648965
3.24308  1.31888
0.819566  0.644753
3.26087  1.29343
6.21148  0.301985
1.99439  0.794188
1.46367  0.810149
4.07531  0.86615
3.08798  1.07225
0.909256  0.191731
2.43741  0.970595
1.53645  0.881685
1.44645  0.861727
3.58771  1.38413
3.07451  0.505482
3.06929  0.35014
3.13108  1.0441
3.66285  1.20336
1.40783  0.738716
5.51465  0.855171
3.41282  1.00448
2.9395  0.8131
3.01007  1.13844
5.92186  0.630591
3.94647  0.823811
4.28704  0.664808
5.1848  0.486067
1.73381  0.575773
2.39696  0.87797
3.44077  0.715474
3.25039  0.932948
3.44085  1.29257
2.29986  0.745011
2.90577  0.939179
3.55843  0.701064
2.36849  1.0637
5.02529  0.226998
3.20944  1.29655
2.8017  1.13086
4.53921  0.548541
3.0475  0.933021
4.91562  0.829558
3.08374  0.779895
3.1643  1.08911
3.23511  0.859441
1.7986  1.01519
2.87969  1.0519
3.87621  0.865776
3.20595  0.602979
2.72906  0.430929
1.79305  0.613563
3.41352  0.550111
2.03832  1.02489
3.50075  0.992996
3.20376  1.05221
1.0824  0.3392
3.77689  1.21482
3.65852  1.00185
3.08039  0.789102
2.81575  0.746291
3.73192  0.958518
0.826655  0.829548
3.77878  1.19691
2.7479  0.86237
4.19441  0.671976
2.46692  0.99267
1.39588  0.452204
3.36542  0.962343
2.83099  0.566442
2.77266  1.03217
2.14756  1.02454
4.77678  0.944772
3.44425  0.891702
1.70445  0.644039
3.25383  1.0754
3.59574  0.903765
5.12161  0.796479
2.81909  1.05672
3.41954  0.624104
1.18634  0.870501
3.89745  1.22753
2.82404  0.864218
3.00026  1.39923
2.95108  1.15118
5.21357  0.920623
3.43498  1.11948
2.63215  1.11886
1.86683  0.932239
0.880216  0.43967
4.0174  1.03339
3.19912  1.27177
1.46483  0.78119
3.36886  0.677114
4.22943  0.817725
3.80646  0.762736
2.21299  1.10642
2.77013  0.72796
2.95517  0.972763
3.52477  1.09085
5.16297  0.426487
2.2619  1.18891
4.41059  0.591456
3.00322  1.39139
4.23287  1.18017
2.80697  0.786842
3.02042  1.1111
3.29366  0.820131
1.1198  0.195521
3.57772  1.29984
3.0408  0.542512
3.96444  0.9785
2.52589  0.768302
3.59784  1.29781
2.70361  0.999564
3.00415  1.31722
5.54784  0.743718
3.40173  1.05004
2.52777  0.838252
1.68723  0.475478
4.04213  0.790498
2.04553  1.10795
3.43425  1.18175
0.671709  0.8799
2.9613  0.698361
3.8959  0.771483
4.2387  0.842942
3.55374  0.238297
1.41926  0.844409
3.93744  0.779731
3.90428  1.11603
2.8616  1.23154
5.87693  0.559091
2.70356  1.08643
1.48659  0.698897
4.16005  1.11483
2.41232  1.29091
3.00235  0.565231
4.45048  0.829176
2.98923  1.13445
4.87175  0.993889
2.71558  0.964546
2.90073  0.545994
3.2529  1.27655
3.19526  1.39631
3.55892  1.19428
2.48146  0.673894
2.78562  0.698513
2.19556  0.780746
5.08665  0.487103
2.95043  1.15146
2.90667  1.17284
1.71935  0.702406
2.43743  1.08482
4.46786  0.826291
3.14364  1.34377
3.60901  0.999912
2.2037  1.03178
3.94253  1.05343
3.95926  1.0025
3.85432  0.761419
4.47906  0.805028
2.36936  0.986539
4.24233  0.89815
2.98257  1.39849
2.80031  0.930363
0.451022  0.807705
3.41284  0.236118
3.30143  0.992235
3.78678  0.959374
5.42224  0.839949
3.27433  0.847595
2.18448  0.395712
2.82545  1.24886
3.80824  1.20834
0.732983  0.307136
3.27617  1.14354
5.73696  0.746714
3.24646  0.61557
3.16437  0.804421
3.13776  0.949342
3.13936  1.27825
3.2807  1.1682
1.54391  0.488203
0.733967  0.26971
5.67614  0.535966
2.40174  0.668606
3.74875  0.610128
4.44155  0.531773
3.31067  1.15201
3.06316  0.777316
3.05191  0.708112
4.81388  0.952449
5.36942  0.739909
3.00366  0.863435
4.11401  0.998525
3.28664  1.06248
3.40119  0.852082
3.4094  1.08531
2.74889  1.25405
2.45261  1.18441
2.89696  0.819066
3.14593  1.01441
2.51617  0.520636
3.22112  1.43432
2.67134  0.674248
3.43303  0.973126
3.18141  1.31592
3.25853  1.09255
3.03573  1.08019
3.43377  1.15036
4.47056  1.02305
1.33721  0.788356
3.3341  1.11855
0.998446  0.896152
2.61314  0.930314
2.17375  0.839991
2.97938  0.913651
2.83885  1.33548
3.67013  0.859143
3.54442  0.771178
1.29203  0.798767
3.32127  1.21815
3.96175  0.969349
2.7504  1.12644
2.49359  0.804946
3.39859  1.12997
0.886907  0.520908
2.28052  1.16332
3.43052  0.895053
3.31835  0.572297
4.14418  1.10318
2.82696  0.661164
6.27084  0.634734
0.410956  0.712096
4.66213  0.396894
3.97294  1.00977
3.61475  0.778467
1.85166  0.642241
3.51806  1.28963
4.08801  0.644042
2.80775  0.813097
3.48136  0.9906
2.59074  0.829313
2.45625  0.704921
3.52781  0.368035
4.17586  0.812512
0.0130488  0.445135
3.81573  0.55484
5.10813  0.561716
0.384215  0.588883
3.29951  0.866344
4.96684  0.666176
3.07554  0.923439
3.27139  1.47876
2.27355  1.11361
2.82108  1.25272
4.97407  0.352185
3.06292  0.831379
2.97328  0.817206
1.99576  1.00043
3.13606  0.67916
1.4126  0.430028
2.54605  1.02526
3.1662  0.933562
3.44396  1.33504
3.72742  1.05379
5.30016  0.504776
4.18521  0.60944
2.44547  1.08841
3.0208  1.09928
3.3234  0.923771
2.01663  0.581235
4.89503  0.554275
1.57507  0.296095
2.06358  1.11307
2.4938  0.481763
3.03921  1.42074
4.72189  0.720754
3.16857  0.303102
3.18746  1.16027
3.56734  1.12376
4.81385  1.0677
6.04051  0.541258
2.64614  1.18939
4.16227  0.261216
1.97165  0.997707
2.70654  1.06993
3.87703  0.71982
3.32131  0.578954
3.77507  0.821609
3.91117  0.860306
3.07832  0.549924
3.60355  0.597034
2.54801  1.32704
5.27485  1.12805
1.66049  1.12686
3.71784  0.867488
3.32128  0.885024
2.92066  0.326579
3.69982  1.16424
3.1975  0.66166
4.38546  0.87688
3.85667  1.11922
3.37139  0.882192
2.31456  0.648119
3.52223  0.848756
3.16731  1.40804
2.89003  0.943047
2.64064  0.783497
3.4561  1.05802
3.3724  0.429466
1.96136  0.775505
3.16561  0.801892
3.52207  0.952561
3.66488  1.08201
3.34664  0.548578
3.34906  1.28119
3.37349  1.18497
2.22327  0.840885
2.78061  1.22873
2.7301  1.1837
4.01362  0.701333
0.143688  0.595919
2.74119  1.18898
3.41423  1.06305
2.69804  1.13733
5.44697  0.758821
4.17974  1.02355
4.175  0.488595
2.75342  0.803036
2.89344  0.759411
3.19698  1.34435
2.32919  0.929786
2.32858  0.498246
3.88604  0.3627
3.53157  1.13614
4.01384  0.910041
2.23795  1.16769
1.51231  1.15922
3.94514  1.09805
3.60374  1.16042
0.891731  0.985304
0.888543  0.606525
0.224055  0.505794
3.50506  0.961869
2.87057  0.977838
2.94301  1.45735
3.42124  1.10471
3.89681  0.768604
4.71303  0.784141
2.31039  0.334302
3.97837  1.10733
3.15694  0.915227
2.37054  0.594379
3.38069  1.29955
2.42262  1.18912
3.25124  0.581079
2.46504  0.538839
2.91731  1.0873
3.70793  1.13954
2.88831  0.808819
2.93305  0.703003
3.1644  1.08057
3.34022  1.33569
3.2124  1.15997
3.42156  1.27614
3.29009  1.02307
3.0659  0.771261
2.41001  0.533169
2.76408  1.29828
3.48475  1.30551
2.53074  1.26309
3.08425  0.408209
1.57547  0.456152
3.63086  1.16485
3.52815  1.13933
3.33499  0.496424
3.41981  1.02049
2.34724  1.07638
2.93044  1.16497
3.22197  0.948345
2.95359  0.707408
2.75188  0.755683
1.28745  0.768033
3.39013  0.573856
5.41469  0.430778
5.03851  1.0425
5.21661  0.860266
5.31315  0.666765
3.75401  0.679084
3.82576  0.604686
2.96552  0.904499
4.2649  0.995668
3.37549  1.18412
3.55544  1.10757
3.70427  0.525291
1.265  1.03587
1.13199  0.787834
3.8857  1.04423
2.97822  0.833307
1.33087  1.06831
3.14562  1.0764
5.90926  0.787238
3.50055  1.00135
2.91764  0.798977
3.28315  0.797592
3.47101  0.612189
2.64903  0.963544
2.80877  1.36787
3.56172  1.05927
3.42232  0.873877
1.26057  0.849332
1.74123  0.812482
3.09297  1.10728
3.51846  0.640248
4.89885  0.989107
2.10602  0.812677
2.94911  1.26858
3.77934  0.941319
4.11847  0.485349
1.19697  0.811287
4.2654  1.07109
3.3001  1.18329
3.16978  1.36946
1.60687  1.08003
2.92022  0.880035
5.66566  0.909205
3.5293  1.23264
3.30334  1.14774
3.05172  0.875748
3.12225  0.417119
0.974939  1.09325
3.17966  1.41741
2.07649  0.593518
1.45764  0.903345
3.84433  0.771626
4.1499  0.0991084
3.05929  0.639619
2.65646  1.37971
2.10345  0.703576
3.38824  0.977958
0.914708  0.471755
1.58854  0.538498
4.75822  1.01996
1.82409  0.688586
2.81252  0.962109
4.12301  0.834238
1.38838  0.701115
4.04452  0.991389
1.75856  1.03806
3.30624  0.902031
3.73426  0.974191
3.36648  1.20048
2.85057  1.00637
3.74106  1.17968
3.77563  0.28086
3.08305  1.07333
2.93147  0.825651
2.21977  1.00877
1.44441  0.732125
3.81713  0.690159
2.93712  0.381447
1.85883  0.751523
3.57134  0.940803
3.36767  0.849237
3.68312  1.23367
2.96925  0.827193
3.07849  0.774149
2.13064  0.237996
4.3899  0.402287
2.35781  0.415008
1.84852  1.1665
3.2574  1.35455
3.04698  0.729191
3.19086  0.680477
2.89977  1.3568
3.9855  1.09692
3.19212  1.45155
3.44532  0.928267
3.66271  0.931182
2.81264  1.23912
3.819  1.05261
3.63408  0.871522
3.71157  0.889571
3.133  1.18683
1.64464  0.690901
5.52399  0.994592
4.14039  0.830546
4.21777  0.534564
4.50734  1.0186
4.93144  0.600235
0.0924511  0.485206
3.42689  0.672822
3.01456  0.739074
3.62175  0.572909
2.75418  0.770663
2.9063  1.22626
3.33365  1.38687
1.73236  0.291797
2.03609  0.989941
2.33357  0.527443
3.63129  0.854141
3.83676  1.1059
5.96193  0.413301
3.49509  1.26131
4.71838  1.06119
1.23108  0.734932
4.92734  0.0884717
2.48363  0.786504
5.66371  0.713208
2.67061  0.452813
2.99701  1.33909
2.86107  1.36046
2.12394  0.525795
4.86358  1.07473
5.05135  1.00554
3.29173  0.97086
0.892343  0.689732
4.89179  0.830548
2.81736  0.74417
3.3757  1.38894
4.11378  0.742104
1.48503  0.988334
1.9077  1.01429
3.37902  1.32273
3.73456  1.20726
1.6466  0.841184
5.41473  0.465329
2.25937  0.773911
2.33124  0.792922
2.19141  1.14824
1.3376  1.00241
3.2102  0.56842
2.69235  1.28097
4.47738  0.704403
2.17224  0.538651
2.46354  0.97601
3.31352  0.54326
3.17704  1.28717
2.88673  1.03552
3.16776  1.11167
0.670753  0.634619
3.89302  0.948369
3.56476  0.848325
3.1676  1.0179
3.71015  1.02459
3.24855  1.2022
3.19579  1.3603
3.14404  0.779917
2.92481  0.787636
3.20276  0.957534
2.45843  0.871013
3.052  0.7671
4.08942  1.00041
2.93089  1.18066
4.76094  1.11234
6.28277  0.397503
2.09259  1.22605
2.84096  1.07516
3.5478  0.57309
4.38645  0.907311
4.35861  0.57226
1.97671  0.842742
3.16781  0.671799
2.41089  1.28845
4.19759  0.989776
3.56961  1.0448
2.71774  1.25379
6.02407  0.712939
2.9892  1.37697
6.08595  0.726482
2.83248  0.907899
3.34672  1.21881
3.70091  0.47613
1.98567  0.89234
2.79146  0.858053
3.04366  0.601194
6.14288  0.709865
3.48806  1.07083
3.09155  0.0860909
2.39163  1.0129
2.87583  1.10031
3.9007  0.852518
2.56464  0.948942
3.09879  0.633082
3.54702  1.17191
1.88398  0.907109
2.98141  1.05151
2.85638  0.847058
1.53387  0.892064
1.69683  0.808423
3.82661  0.796392
1.6815  0.899592
3.20515  1.22166
5.12446  0.542706
5.38023  0.419
1.06035  0.646948
2.85335  1.34654
3.97076  0.835626
3.01414  0.743328
5.3481  0.765232
0.693611  0.553208
2.70354  1.07254
2.99529  1.37232
2.91478  0.452928
4.18977  1.13921
3.04847  0.649733
3.70972  1.01376
3.32626  1.30319
3.2374  1.21188
3.02586  0.836687
2.40721  0.719566
3.3951  0.584107
2.97878  1.09404
2.48115  1.01426
1.57941  0.642299
3.37361  0.567564
3.43835  1.05607
2.40236  1.18348
2.37942  1.12985
2.97585  0.74373
3.49444  1.24148
3.80664  0.758378
3.25142  1.31783
1.16608  0.614621
2.82742  1.06881
2.00822  0.5346
1.30074  1.10693
3.79916  0.715754
5.76623  0.664932
2.31853  0.548935
3.39583  1.36299
0.0198476  0.688767
2.57923  1.25799
3.67556  0.747947
2.92041  0.890752
2.28775  0.810358
2.57881  0.309811
1.81828  0.696001
4.87492  0.904761
3.9606  0.441236
3.02276  0.80043
2.56325  0.719945
3.29462  0.96858
3.3851  1.12338
6.0618  0.443666
2.35346  0.4719
3.67282  0.952564
3.49358  1.01244
4.31533  0.884963
3.22675  1.35884
1.91087  1.09383
2.87423  0.883856
0.764771  0.571844
3.07607  1.11302
3.46285  1.34406
2.38853  1.01626
3.18758  0.761696
3.50961  1.25653
3.80124  0.938771
3.0717  1.42065
6.24101  0.836409
3.60454  0.750415
1.18502  0.946021
2.20274  0.574466
2.73412  0.641251
5.34342  0.61832
3.16721  1.01313
4.32951  0.57262
5.06644  0.974048
1.98241  1.20102
3.63884  0.551134
2.38244  1.09176
4.08987  1.12156
2.94577  0.792251
1.84736  0.660424
2.82522  1.10772
3.59516  0.957091
3.05604  0.769322
3.17816  1.13472
2.88486  1.12205
3.25884  1.15786
2.23786  0.60826
4.26087  0.768563
3.69452  0.95942
2.58632  1.23071
3.1668  0.391761
3.80295  0.983302
3.11326  0.815431
2.11787  0.694847
5.07471  0.681183
3.04068  1.32813
4.01045  0.954164
0.802108  0.660762
2.52539  0.800271
2.91871  0.923669
3.60294  1.29274
6.16127  0.568981
3.02938  1.12023
3.53523  1.17364
2.88565  0.794131
3.29354  0.83646
2.95857  1.41824
3.15176  1.2343
1.81589  0.707192
3.01455  0.495781
3.69308  0.715602
3.89203  1.16529
3.18568  1.0346
5.08909  0.474849
4.99029  0.770814
4.02709  1.18727
1.56474  0.373234
3.91473  0.972977
3.42633  1.06283
3.56296  0.718515
3.5686  0.896199
3.49737  0.940788
3.78044  0.746404
3.937  0.614848
3.14161  0.672322
1.82471  0.623878
2.78944  1.07523
1.97504  1.14195
2.39191  0.824514
3.03232  1.17808
2.58775  1.07741
3.45324  1.12231
3.5931  1.10453
2.02449  0.624522
1.633  0.814235
4.04004  0.643553
2.65778  0.881104
2.79077  0.776311
3.14072  1.22407
3.88146  0.419391
2.73047  1.23281
2.6518  1.17928
2.40842  0.97978
3.9192  0.69368
4.99616  0.747414
3.2363  1.39905
1.24126  0.654866
2.88051  0.700044
3.85436  0.733874
1.3249  0.770602
3.46065  0.544279
0.135706  0.862612
2.82884  0.937776
4.3658  0.889113
0.0422316  0.586607
3.729  0.628341
0.390882  0.56869
2.88676  0.874696
4.61708  0.728693
1.98128  0.800724
2.86204  0.47884
2.99449  0.807098
1.72805  0.575351
1.89035  0.722727
3.76643  1.20354
1.42807  0.708474
4.36397  0.690922
4.01407  1.13444
2.34206  1.16661
3.24058  1.30695
3.67797  0.987495
4.13267  1.13467
2.99072  1.31102
4.03563  0.992536
2.87167  0.724287
3.15726  0.555141
0.74564  0.613092
2.62837  0.578697
4.22178  0.825039
2.19272  0.750811
3.81831  1.0249
3.66265  0.664196
2.93172  0.40149
4.47369  0.742512
4.03168  0.962013
2.85075  1.17224
3.79701  1.19686
2.88967  1.27903
2.30453  1.17924
4.00474  0.800612
3.55693  1.20956
3.02434  1.13735
0.325371  0.761047
3.84623  0.637433
3.15053  0.647901
3.36093  0.910601
3.51286  1.11394
3.63909  1.34686
3.98015  0.71006
1.54001  1.01019
4.27004  0.41717
5.78615  0.66779
2.28408  1.00584
2.36499  0.877069
4.86148  0.81001
4.39386  0.755729
3.66488  0.661657
4.82799  0.949408
2.87081  0.406508
4.70409  0.301972
2.24095  1.14083
2.71816  0.946007
3.62195  0.774967
3.78619  1.14944
1.4454  0.878025
4.46414  0.667418
3.49823  1.21932
2.61814  0.90759
3.38645  0.958053
2.90369  1.14872
3.71304  0.555961
3.12339  0.549516
1.26808  0.0929095
2.67978  1.05898
2.82318  0.811426
3.72194  0.920679
2.21571  1.10845
3.13964  0.453425
3.41817  0.892442
2.1977  0.544289
2.96968  1.32195
1.64757  0.518646
4.96289  0.616479
4.43943  0.678705
4.88812  0.928601
5.59353  0.568703
3.91991  0.674549
0.395849  0.87553
3.47736  1.20439
3.82187  1.28747
4.65939  0.692958
3.34169  0.475832
5.90853  0.709795
3.80034  1.07025
2.31334  1.18394
3.72979  1.04086
0.892319  0.691851
6.00336  0.24485
1.66865  0.850713
2.84951  1.07595
4.21271  1.06648
4.87528  0.823738
3.11884  0.869585
1.68981  0.953458
2.45513  0.969776
2.43163  0.813554
2.92635  1.11462
2.80497  1.01247
3.31244  1.09251
3.2839  0.754341
2.98407  1.02634
3.09303  1.02736
3.13297  0.939232
2.76421  1.21543
4.58949  0.427048
2.43848  0.629834
3.58316  0.710249
3.17991  0.805713
3.53868  0.909291
2.82328  1.1616
3.38328  1.02164
3.21566  0.436374
2.8534  1.43094
3.31617  0.991389
4.63647  0.933331
4.35513  1.04412
3.38636  0.261908
3.17287  1.0336
1.75034  0.389106
0.96029  0.893732
3.51665  1.24465
0.955463  0.484124
4.21538  0.657493
3.43736  0.823393
1.6894  0.982248
2.54996  1.18203
2.62785  0.898478
4.02693  0.704149
3.85025  1.13801
2.43998  0.830392
3.75526  1.00833
3.1521  0.97991
3.62543  0.579047
2.3012  1.0839
1.87413  0.780696
2.51299  1.32011
2.97717  0.9555
1.40886  0.860957
2.15825  1.11103
2.44317  1.30215
2.97935  1.07104
2.71583  0.954778
5.57589  0.591474
3.32899  1.31758
4.27542  1.18766
1.04021  0.789106
4.17078  0.790046
3.29162  1.28816
3.5879  0.46109
3.27858  1.32846
3.32601  0.811238
2.08943  0.916824
1.97181  0.668459
3.94144  1.13582
1.31849  0.891584
3.21364  0.707431
1.67282  1.01149
3.79765  0.858474
2.8247  1.03395
2.93073  0.46001
2.71796  0.806265
3.20924  1.2584
2.86706  0.398613
2.75634  1.12488
5.22147  0.761111
0.730935  0.687634
4.29908  0.530538
3.66062  0.790837
3.22651  1.19255
4.1179  0.473792
4.92622  0.755592
3.74928  0.925485
2.61652  0.603764
2.92806  1.1844
2.85217  1.00144
3.63722  0.510653
2.72675  0.479662
1.97488  0.935801
2.97665  0.678703
3.3389  1.0727
3.59705  0.769005
2.25076  1.00346
2.8159  0.798012
4.12734  1.00978
2.92813  1.0524
1.88954  0.824293
2.44743  0.899126
3.35413  0.805046
3.01182  0.846828
2.9011  0.952085
4.1511  0.505213
4.10377  1.01533
3.28408  0.949688
2.55431  1.30267
2.66787  0.820479
3.19064  1.23083
3.36312  0.952671
5.92078  0.81421
2.91665  1.07539
3.21417  1.25756
4.98025  0.858079
3.07599  0.853016
4.7119  0.74674
5.28084  0.139435
3.05329  0.949935
2.2976  1.1001
3.05828  0.539827
3.50285  1.19728
2.02641  0.960219
1.01369  0.679394
2.69912  0.886036
1.128  1.05246
2.7841  1.13333
3.36143  1.11722
2.91084  0.835873
0.748474  0.494378
3.08372  1.20432
3.66211  0.609143
3.75306  1.13416
3.22326  1.00469
3.87542  0.396204
3.71527  0.567334
3.55258  0.536725
2.92907  1.13049
4.03479  0.96595
1.90062  0.674947
3.3584  1.27317
3.14232  1.10597
2.56086  0.829601
2.1001  0.92672
3.14751  0.981241
3.30091  0.869783
3.78703  1.1257
2.59429  0.581695
2.15098  0.572698
1.49487  0.492277
3.62473  1.01403
4.63271  0.701456
2.35688  0.366883
2.3176  0.979245
4.58093  0.962659
0.0783878  0.733952
3.13033  0.777268
3.14702  1.32273
3.75175  0.927644
3.14865  0.69531
4.62144  1.0549
1.63974  0.885824
3.77993  1.08055
2.1744  0.949152
4.12756  0.697974
4.43784  0.541812
5.07736  1.14381
2.29081  1.12822
6.1029  0.687647
1.90615  0.864906
2.40891  0.888707
0.96316  0.672306
2.37427  0.557345
3.11513  0.773893
3.08117  0.779494
3.15873  0.771901
3.3885  1.13292
2.42596  0.786076
3.52993  0.815505
0.726396  0.780534
3.29518  1.09677
5.4855  0.846762
3.71653  0.854127
3.84679  1.14792
2.67983  1.2031
2.97193  1.19508
4.11135  0.565725
5.42506  0.500302
2.36018  0.727451
3.04775  0.947265
4.28743  0.974561
4.66937  0.581375
0.690374  0.426552
4.8851  0.642242
2.72414  1.33042
3.17212  1.18105
2.93834  1.15993
4.12509  0.938302
4.2385  0.624335
2.57205  0.945609
2.74634  0.755632
5.27333  0.858932
3.99301  1.03323
3.11773  0.762664
5.28839  0.835264
3.89216  0.491879
3.0274  1.34476
3.89781  1.07113
3.67142  0.989073
5.1558  0.82795
2.98434  1.14565
3.37584  0.96202
5.04983  0.975749
3.00068  1.24602
4.51595  0.767748
4.75076  0.836341
4.43834  0.859312
2.18005  1.04201
2.85792  1.17727
5.67001  0.664212
4.57037  0.593867
2.03132  0.614414
3.46252  0.797535
4.97662  0.644082
3.50056  1.15041
3.32296  1.39605
4.37977  0.981467
1.96958  1.06806
2.91008  1.17178
2.08152  0.423178
2.62702  1.1647
3.55156  1.09823
2.57207  1.09398
3.23785  0.599176
4.66079  0.407833
4.86913  0.91042
3.64674  0.682919
5.42482  0.530457
3.48741  1.06114
3.67231  0.750022
1.95337  1.08721
3.20706  0.873152
5.64162  0.852662
3.39608  0.801157
3.10588  1.28733
2.94633  1.02505
1.73656  1.02545
2.51623  0.656724
3.01907  1.14545
3.77454  0.891697
2.30934  0.414412
2.99655  1.18233
3.88899  1.27337
2.60117  1.00607
3.47716  1.02849
2.46185  0.82572
3.60962  1.11766
3.21909  1.27048
2.64264  0.994512
3.13704  0.254342
3.10748  0.822304
3.52117  0.958054
5.43515  0.250901
2.22821  0.865875
3.76029  0.15797
4.08403  0.978588
5.309  0.26777
3.65688  0.901865
0.936359  0.688448
3.07279  1.15135
2.57821  1.22748
1.56445  0.965652
3.02931  0.619517
4.24578  1.0023
3.18209  1.39125
1.06571  0.713265
2.73835  0.823647
5.11561  1.05705
4.29291  0.661721
2.00916  0.64755
4.05057  0.851931
3.04547  1.06526
3.20169  0.790886
3.42695  0.489554
2.44946  0.868216
3.32602  1.24524
3.21442  1.24136
1.9659  0.985056
4.35383  1.15014
2.52443  1.22752
3.03752  1.15205
3.20241  1.01743
3.39274  1.3016
2.89482  0.872806
1.8913  0.356084
3.74624  0.991911
4.85119  0.910758
3.50228  1.16784
3.6757  0.949478
4.16658  0.680878
2.48553  1.13256
5.28434  0.549049
2.7727  0.718759
3.1612  1.14043
3.3545  0.656707
0.988799  0.519432
3.99024  0.725785
1.55977  0.568333
4.00584  1.01905
3.78865  0.984155
1.38202  0.70518
3.25517  1.28711
3.14367  0.96231
1.75105  0.238844
3.37047  1.28038
3.48976  1.30927
2.79965  1.10705
1.24078  0.549172
2.49789  0.552482
3.24078  0.763422
2.98425  0.619783
3.39518  1.14557
1.20584  0.980405
2.54566  0.871496
2.90286  1.12193
2.97802  0.885306
3.62642  1.22807
2.77486  0.927628
3.65676  1.23667
2.53297  1.00709
2.67408  1.06637
3.08781  0.683851
3.25246  0.992236
4.84094  0.809208
3.56938  0.649389
4.42004  0.577562
3.00828  1.0169
3.47294  0.994655
3.57321  1.05689
3.18206  1.02606
2.86943  0.965178
2.28689  0.917943
5.58361  0.757914
1.33405  0.744817
2.94387  1.02153
3.27188  0.943323
2.8579  0.835942
2.01835  1.02986
2.63434  0.817012
4.56117  0.304108
2.02266  0.929354
2.41179  0.182382
2.74425  0.489873
2.67448  1.04996
3.39593  0.741834
3.98885  0.711304
3.51965  0.488402
3.69994  1.30258
5.18389  0.730504
3.31209  1.31826
3.38477  0.479068
2.96654  0.464594
0.314353  0.746517
3.11091  0.762408
2.02596  1.00676
2.89665  1.22547
3.96889  0.957853
3.31048  0.630608
4.86723  0.267237
1.61145  0.23283
1.21979  0.775436
3.32807  0.902601
5.06698  1.12586
3.22531  0.981439
3.79565  0.863463
4.3016  0.449038
1.96107  0.94731
2.88717  0.825869
2.05804  0.7734
3.10869  1.12681
1.36924  0.621175
4.55533  0.966455
5.51099  0.842093
1.97417  1.05058
2.71769  0.564922
3.07695  1.01232
2.42036  0.422361
3.11204  1.34647
3.45148  1.23103
2.47366  0.818358
1.45518  0.919167
6.15314  0.664961
3.13961  1.36392
3.54336  1.32774
2.99193  1.09456
2.58309  1.00996
1.26149  0.380892
4.81433  0.669982
3.2063  1.09093
4.23593  1.10384
2.88233  1.21874
4.49267  0.591753
3.06558  1.0789
3.14992  1.18507
3.13142  1.35404
2.44872  1.22416
3.20924  0.966954
3.06888  1.07402
4.12293  1.0626
3.12849  1.34588
3.00533  0.777445
4.7296  0.235267
5.38114  0.402785
2.95822  1.28643
