6.02593  0.00420112  1.19322   0.251002
3.9656  0.0340783  0.595955   0.0148347
0.933361  0.0627171  0.517043   0.0215726
3.29008  0.0837127  0.122688   0.0680385
2.17941  0.0307026  0.928262   0.02822
5.39905  0.0849128  0.894282   0.0377269
0.161613  0.00685692  1.05767   0.20465
2.09545  0.0539273  0.872014   0.0258529
0.158623  0.0124683  0.692615   0.061853
0.0701211  0.00557232  1.14213   0.702195
5.82362  0.0593833  0.194929   0.0230225
1.44817  8.13225  0.594489   0.46514
2.06364  0.198463  0.373789   0.0367025
0.444548  0.0165598  1.21566   0.176999
6.00305  0.00906662  0.87738   0.0517338
0.791599  0.0829097  0.245813   0.0199606
0.353903  0.00905608  0.881931   0.0490152
5.84641  0.0116859  0.799248   0.0248054
1.88576  0.221557  0.953482   0.0424891
5.86087  0.00576707  1.139   0.113293
5.27433  0.0668856  0.660585   0.0206543
0.999041  0.169159  0.283627   0.0296858
0.25183  0.0387466  0.266132   0.0388709
1.21189  0.134737  0.997064   0.0379739
0.193572  0.00221831  1.37519   1.35548
5.66293  0.00534191  1.20906   0.118584
6.07063  0.00647901  1.01634   0.122815
5.94062  0.00931472  0.893783   0.0448061
6.08695  0.421429  1.11326   0.866429
4.38388  0.504603  0.497626   0.0721495
6.04145  0.01316  0.674908   0.0348898
0.359723  0.00748982  1.22848   0.232498
6.24052  0.00444005  1.16157   1.26862
5.96984  0.0126581  0.70598   0.0277731
5.0544  0.272304  0.726609   0.0483437
0.407972  0.0512742  1.25381   0.245655
6.00717  0.00520887  1.11588   0.152629
3.19301  0.0113561  0.736009   0.193105
5.30033  0.0265404  1.04147   0.0326797
6.23636  0.00609546  1.03291   0.61133
0.32595  0.00317993  1.28847   0.382887
6.21875  0.00261814  1.32106   2.4322
5.74698  0.412344  0.0305261   0.0215539
5.82026  0.00673825  1.05049   0.0657921
5.94463  0.0109187  0.788681   0.0311818
0.332831  0.00770291  0.954707   0.0672242
4.13325  0.374296  0.126041   0.0307713
1.89617  0.59977  0.439954   0.0782391
6.02213  0.00313846  1.36871   0.937996
6.15285  0.00676847  0.989265   0.179215
6.12041  0.740883  0.629568   2.14721
3.45405  0.023505  0.730911   0.0426493
1.38801  2.77565  0.534789   0.225117
5.09963  0.182537  0.734122   0.0373492
2.48832  0.0241289  0.598951   0.0189012
0.127395  0.00378667  1.21853   0.598659
0.374786  0.00541302  1.19444   0.182662
0.000353046  0.00518455  1.10078   112.192
6.03829  0.00341949  1.26613   0.421637
0.708525  0.0230569  0.626912   0.0177482
1.77052  1.89608  0.585233   0.176945
1.02148  0.0378212  0.974355   0.0319126
6.24206  0.00975565  0.808392   0.293102
5.27947  0.0300412  1.03462   0.0313307
5.75278  0.0105161  0.871917   0.0260289
0.57264  0.0300705  1.11045   0.0827898
0.17378  0.00202625  1.39567   1.88946
3.88658  0.0350552  0.479529   0.0155581
0.0632282  0.00227664  1.35651   3.41455
5.74073  0.0134487  0.756521   0.0175243
0.0274498  0.0133284  0.653687   0.323005
5.95039  0.00411027  1.2157   0.223147
1.0626  0.108202  0.579322   0.029066
0.162826  0.00478793  1.38649   1.81572
0.772746  0.234604  0.0836386   0.0204637
4.49088  7.15825  0.127436   0.203253
5.77675  0.00517892  1.28289   0.235856
5.39398  0.0155878  1.09714   0.0462267
2.33993  0.0953793  0.221327   0.0203482
0.443544  0.0211219  0.502031   0.0218681
5.98478  0.0520517  0.593916   0.0793564
0.347859  16.2121  0.312539   13.0814
0.13278  0.00780535  0.923491   0.141797
5.9251  0.00528984  1.12313   0.122339
0.104787  0.00545819  1.08215   0.349964
0.489746  0.0180292  0.588883   0.0208192
5.4388  0.0203782  0.890084   0.0189329
6.15124  0.0116907  0.722251   0.0711369
0.882807  0.0121516  1.19122   0.0871687
0.00869283  0.0025349  1.32762   19.0808
1.10042  1.35365  0.066371   0.0457329
0.25763  0.00654748  1.25189   0.371603
5.91079  0.00860767  0.932211   0.0479926
0.171126  0.0100136  0.802632   0.0741786
5.89902  0.00639763  1.05035   0.0791083
1.74089  1.48276  0.943433   0.123338
5.80296  0.0134012  0.727191   0.0185235
0.133648  0.00516453  1.11025   0.315635
1.18786  0.109774  0.998856   0.036656
1.15332  0.0639534  1.11483   0.0517318
0.352447  0.00983515  0.840572   0.0430681
4.41047  1.26063  0.274892   0.10262
4.9289  1.26711  0.65985   0.135004
6.26812  0.00577733  1.05576   2.1171
1.29271  0.291447  1.00375   0.048338
4.11971  0.350878  0.125416   0.0295819
0.781225  0.0134467  0.982663   0.0372065
0.793755  0.00921836  1.1673   0.082686
6.23976  0.0486315  1.46939   22.7037
1.75322  1.13611  0.968946   0.101229
1.1  1.19443  0.0749818   0.0456012
6.25643  0.0147498  0.605475   0.313758
5.54768  0.0651075  0.727338   0.0366111
1.07564  0.0308105  1.18892   0.0762242
6.10202  0.00583742  1.06065   0.177363
5.99689  0.0476436  1.14977   0.18621
6.2746  0.00935706  0.828796   1.51155
6.10942  0.0118561  0.718525   0.0529718
6.00261  0.0079027  0.933177   0.0644208
6.21205  0.0106911  0.763477   0.147848
5.55696  0.0243111  0.713045   0.0154394
5.98601  0.0131291  0.685356   0.0284697
3.87254  0.171912  0.101956   0.0198055
6.196  0.0106659  0.765526   0.120702
0.57076  0.00786219  1.03185   0.0571649
0.0408765  0.300006  0.535383   3.21989
0.546904  0.0147223  0.848944   0.0317568
0.366868  0.0054246  1.11657   0.123555
5.92042  0.00897714  0.888447   0.0411406
0.207669  0.00294144  1.33171   0.837277
1.03616  0.0842189  0.623332   0.0257493
5.85293  0.00672579  1.04209   0.0679202
2.22003  0.158276  0.210656   0.0250037
6.20474  0.00392071  1.2052   0.884915
3.21914  0.122802  0.613416   0.746428
2.69146  0.0620372  0.690794   0.0661761
0.190122  0.00939781  0.866346   0.0824465
4.2853  0.0977497  0.894166   0.0254692
0.332731  0.00917052  0.870696   0.0498544
5.33212  0.0726215  0.490002   0.0215224
2.13385  0.0419109  0.889948   0.0259337
2.25594  0.0311459  0.750804   0.0200812
6.27798  0.00202775  1.37577   50.2096
2.19991  0.038312  0.769204   0.0211515
0.841893  0.00908564  1.24621   0.124959
5.16728  0.0678643  0.973825   0.0256672
0.83654  0.0921255  0.256032   0.0209822
0.220704  0.00764949  1.13369   0.218015
0.469225  0.0214331  0.503806   0.0209561
6.17983  0.00622268  1.07438   0.334041
5.96485  0.00344436  1.26722   0.328223
5.16177  0.0498105  1.12302   0.0459998
0.300824  0.00475745  1.15506   0.180903
6.18742  0.0860557  0.118592   0.105285
5.91045  0.0137967  0.687126   0.0227601
5.9766  0.00514142  1.13282   0.150238
5.98573  0.00851701  1.14871   0.168906
6.14004  0.0157057  0.581084   0.0567172
0.353855  0.00496216  1.14975   0.151032
0.760592  0.00984132  1.09977   0.0613148
5.50523  0.0243162  0.690623   0.0134569
0.949346  0.0518763  0.637451   0.0208796
0.764099  0.0158484  0.880981   0.0270036
4.34855  0.198076  0.789892   0.0383621
4.0679  0.0324475  0.826426   0.0163672
0.188097  0.00253602  1.33326   0.935249
0.157597  0.0063414  1.02066   0.177869
6.12298  0.00752756  0.941652   0.118786
0.845841  0.0174877  0.959167   0.0326256
5.88581  0.00529879  1.14322   0.123011
0.224186  0.00268784  1.33988   0.8346
5.56865  0.0066169  1.20037   0.0992221
5.06441  0.438426  0.467591   0.0648092
6.04989  0.0127768  0.688239   0.0368798
3.75191  0.0147376  0.882949   0.0245703
6.188  0.00432912  1.17939   0.626609
2.80247  0.0212691  0.474533   0.0273649
3.89568  0.0567127  0.938072   0.0372556
0.588259  0.0129153  0.805254   0.0258722
1.82862  0.777664  0.638378   0.0986294
0.0529682  0.00995709  0.798461   0.227472
0.347079  0.0133058  0.712958   0.0321613
0.0492137  0.00586819  1.09088   0.771419
2.09453  0.0423796  1.00156   0.0346948
0.680262  0.00812381  1.11607   0.0720788
4.93183  1.1601  0.682923   0.126693
0.751979  0.0162726  0.852858   0.0251889
0.425584  0.360534  0.0317198   0.0255446
3.49113  0.0169518  0.640601   0.0255413
1.04891  0.207879  0.303961   0.0345397
0.0503708  0.00504426  1.11454   0.846536
0.0214939  0.00828769  0.888906   0.748833
5.38163  19.4662  0.50647   6.53176
5.84996  0.0595086  0.190953   0.0241844
4.44357  0.711032  0.620159   0.0926507
5.0939  0.110992  0.999107   0.0302673
5.42604  0.00953242  1.22025   0.0969353
0.650435  0.0130525  0.849209   0.0272173
5.43708  0.0288578  0.713212   0.0140461
5.94647  0.198313  0.0548798   0.0312841
0.219848  0.00589694  1.0581   0.152197
0.58818  0.018275  0.634051   0.0191793
4.87368  9.47156  0.248308   0.367145
0.564972  0.0126122  0.801665   0.0263735
5.03931  0.386657  0.623735   0.0621775
0.269727  0.0116303  0.740865   0.0417623
4.26388  0.22212  0.451189   0.0419672
5.86651  0.0104734  0.826746   0.0282543
0.308803  0.0175319  0.550815   0.0296875
2.16009  1.19537  0.0376325   0.0303237
5.81589  0.00602074  1.09927   0.083206
5.65559  0.0107147  0.92648   0.0276385
1.98439  0.451952  0.288744   0.0543822
4.95518  0.603999  0.854155   0.0747342
5.70808  0.0069285  1.08822   0.0644331
0.961239  0.0453204  0.731475   0.0211325
4.85381  239.817  0.0148976   0.508597
0.817186  0.0173722  0.917114   0.0290211
3.76137  0.0664353  0.66481   0.0456991
5.95748  0.0108441  0.813585   0.0354538
0.294025  0.00472147  1.15639   0.186174
0.119212  0.0510493  0.198721   0.0828273
0.148419  0.00522448  1.10249   0.274181
4.81967  5.59083  0.973577   0.280566
0.0639956  0.00689227  0.977811   0.358987
5.82446  0.00529261  1.30371   0.30379
0.172622  0.011151  1.38096   1.61342
0.505365  0.00997657  0.885596   0.0367217
4.28296  0.352794  0.336948   0.0504803
6.1457  0.00720196  0.960931   0.150456
1.84373  0.326  0.978703   0.0504254
6.251  0.00285506  1.29822   4.05494
5.78965  0.00850265  0.959014   0.0403772
0.310397  0.00278755  1.33052   0.560739
6.02403  0.0104515  0.791781   0.0417232
6.24551  0.00854939  0.874497   0.399534
1.06344  0.0545531  0.940972   0.0297945
1.71042  2.35519  1.00562   0.152621
0.0864008  0.0360065  0.277199   0.110268
0.524943  0.0314416  1.10875   0.0888783
0.92848  0.0262409  0.925859   0.0282297
5.31746  0.0617981  0.592297   0.0198554
0.358021  0.00736241  1.19416   0.190383
0.00610126  0.00496289  1.11829   7.08913
6.2588  0.00599336  1.04   1.21531
5.67317  0.046394  0.299783   0.0188787
0.677204  0.0161027  0.769395   0.0217941
6.25912  0.00226773  1.3523   8.60021
5.44646  0.133439  0.627526   0.0573105
5.56464  0.0185923  0.742766   0.0138914
0.51917  0.0855821  0.861163   0.0806299
0.280044  0.0113503  0.753897   0.0415918
3.83537  0.0263174  0.5508   0.0142442
5.32957  0.0202531  1.09543   0.0435462
5.48964  0.0129968  1.01518   0.0335538
6.25426  0.00830262  0.888092   0.547941
0.113337  0.00505723  1.42938   4.45628
5.99739  0.0046629  1.16057   0.18741
6.01805  0.00676639  1.05403   0.117014
1.0812  0.246148  0.312237   0.0387066
6.23222  0.00240315  1.34003   3.62544
0.367198  0.00358902  1.31534   0.420894
5.93829  0.00336051  1.2774   0.326671
5.52805  0.0101479  1.07436   0.0468845
0.145431  0.00472714  1.14425   0.345311
6.06802  0.00489837  1.32385   0.748115
6.12818  0.00862759  0.87743   0.0955808
5.10413  0.0803728  1.10255   0.0413115
2.81809  0.0206846  0.482875   0.0284647
3.74761  0.379051  0.530834   0.238807
1.36399  1.07946  0.808384   0.114178
4.36329  0.555622  0.388122   0.0708843
0.538633  0.0507656  1.0313   0.0703701
4.18432  0.0746532  0.700031   0.0218837
1.17049  0.10225  0.96809   0.0341147
0.867241  0.0747598  1.01096   0.0476508
6.21292  0.00198728  1.38051   3.91424
6.03928  0.00675136  1.00835   0.103008
0.812989  0.0348694  0.569425   0.0179256
0.839459  0.0228538  1.12541   0.064748
0.842468  0.0232388  0.815357   0.0220747
2.04314  0.0683332  0.916026   0.028946
0.0323491  0.00468099  1.14448   1.53488
5.98133  0.00417517  1.20344   0.227783
2.40752  0.0197126  0.768762   0.021341
0.000208911  0.00636476  1.01319   126.369
6.15907  0.0107115  0.770942   0.0853056
0.597718  0.0109539  0.893117   0.0330295
5.68583  0.182979  1.32834   0.299209
0.0807761  0.00545656  1.08186   0.451823
1.06103  0.0804435  0.716881   0.0257737
6.13296  0.0102599  1.17334   0.383661
6.1837  0.0299563  0.3299   0.0923216
5.94304  0.0252695  1.22898   0.238661
5.42471  0.0127542  1.11779   0.0530077
4.43617  0.548742  0.70538   0.0768643
0.451029  0.00299455  1.32416   0.373508
1.00363  0.0234382  1.13654   0.0606111
5.38029  0.0418023  0.641056   0.0161172
4.29293  0.122512  0.809277   0.0284939
1.27586  0.548082  0.608743   0.0786591
1.01321  0.021706  1.18365   0.076583
5.96941  0.0120281  0.79792   0.0358437
4.17869  0.101453  1.12607   0.0534517
0.695169  0.0107485  0.989864   0.0414772
0.354736  0.0171872  1.19236   0.190622
5.57372  0.177196  0.807257   0.103909
6.22013  0.00940098  0.827639   0.201879
5.72782  0.00557818  1.27628   0.206303
0.367115  0.0153064  0.625717   0.026746
0.492632  0.0454892  0.492525   0.03678
6.24001  0.00174817  1.40726   8.68015
0.183926  0.00372278  1.30807   0.775644
4.22248  0.407511  0.192187   0.0409065
0.28723  0.00270533  1.32626   0.582706
1.74319  58.6131  0.033484   0.3415
5.43058  0.195214  0.130855   0.0224015
6.18626  0.0078394  0.918186   0.180675
0.202564  0.0039224  1.21301   0.367063
3.68469  0.0510362  0.681972   0.0423258
0.617675  0.012752  0.832958   0.0269296
5.65771  0.0146276  0.770794   0.0159766
0.0694829  0.00535742  1.17126   0.82907
1.31474  0.418717  0.953034   0.0574722
0.68094  0.00848975  1.07689   0.0601667
6.04545  0.00751063  1.34666   0.829877
0.655204  0.0156022  1.15743   0.0914459
0.165881  0.0053032  1.0975   0.2401
3.93213  0.136975  0.150218   0.0204089
0.592154  0.387937  0.0347884   0.0204624
0.464164  0.0137194  1.02433   0.0668206
5.88381  0.0310064  0.352294   0.0237985
6.01486  0.899644  1.22834   1.07719
0.832546  0.0105371  1.15438   0.0747061
5.1318  8.18122  0.934026   1.74397
0.2987  0.00417973  1.20064   0.234448
0.449697  0.00524763  1.17072   0.135431
4.97453  0.365349  0.983189   0.0493462
1.15998  0.168247  0.683746   0.0376792
5.77967  0.00715077  1.14257   0.0975561
0.212287  0.00525202  1.1057   0.196693
1.18721  0.188281  0.733369   0.0399669
6.26292  0.00556805  1.07146   1.69299
3.52158  0.171284  0.0648836   0.0280293
5.85329  0.00968834  0.869612   0.0320117
2.93798  0.0152844  0.59904   0.0441648
0.348901  0.00806402  1.16077   0.1623
5.27633  0.415916  0.122992   0.0322635
0.856092  0.0116839  1.14769   0.0708246
6.21929  0.0344927  0.288245   0.147262
0.25067  0.0026881  1.32432   0.654084
4.83255  7.50605  0.661251   0.439265
5.37583  0.030802  0.801182   0.015465
6.11682  0.0102675  0.791861   0.0665967
0.354971  0.00429303  1.20234   0.20112
5.70811  0.00952739  0.945505   0.0326755
4.15409  0.219568  0.236902   0.0314688
0.549649  0.0105979  0.878705   0.0336136
5.94858  0.00808106  0.932574   0.0535668
0.438652  0.00559443  1.1717   0.139258
5.69696  0.0126918  0.813097   0.019085
5.47388  0.0148348  0.97755   0.027719
6.22994  0.0049074  1.12321   0.828795
4.31712  0.082224  1.11101   0.0432266
5.88407  0.00855201  0.921016   0.0425415
0.0434683  0.00261427  1.32182   3.63753
5.97338  0.00466081  1.16537   0.177726
5.70581  0.0117184  0.846188   0.0216996
6.24005  0.00497345  1.11778   0.995707
0.374665  0.00617261  1.06337   0.0945363
6.24197  0.00403017  1.21358   1.77426
5.94257  0.00774141  0.953911   0.0575871
5.10266  0.432439  0.355969   0.0581652
4.37298  0.271374  0.740044   0.0479662
6.00015  0.00539066  1.10307   0.139357
6.26554  0.00448072  1.16032   3.05095
4.56508  2.27005  0.947688   0.160415
5.09367  0.155017  0.839751   0.0323436
5.42208  0.0300377  0.720756   0.0142601
0.144936  0.00633009  1.02054   0.192827
0.0603488  0.0160168  0.568168   0.140679
0.413685  0.00700688  1.01792   0.0711206
3.74992  0.0328394  0.429423   0.0178531
0.00116696  0.0541373  0.186338   8.4517
0.195516  0.0109105  0.762821   0.0589029
0.0967027  0.00181273  1.39889   3.51103
5.52035  0.0177097  0.823841   0.0160665
0.282438  0.00597845  1.08617   0.136452
4.3987  0.413676  0.653119   0.0648016
6.00803  0.00442913  1.17704   0.213629
5.63392  0.0259819  0.517478   0.0147812
0.576353  0.00712771  1.07669   0.0687752
5.60289  0.017306  0.736583   0.014108
0.535253  0.0141472  0.727698   0.0232123
0.0362593  0.00789026  0.913026   0.487316
0.178636  0.0139509  0.639725   0.051548
0.651686  0.00747954  1.10616   0.0711698
1.1702  0.493833  0.291657   0.0578189
0.925956  0.0789272  0.411966   0.0227353
3.00444  0.0255123  0.720965   0.110509
1.89043  0.15263  1.10141   0.0501968
0.183493  0.00652235  1.01139   0.147613
2.3835  0.2175  0.874345   0.115844
2.27258  0.0756456  0.345233   0.0211767
6.04837  0.00464704  1.16773   0.237271
4.27567  0.0993573  0.851072   0.0253054
1.8087  0.504883  0.970624   0.062919
0.0403895  0.00937592  0.828234   0.32537
5.11628  0.0700957  1.11924   0.0446836
5.53602  0.0243561  0.646862   0.013417
0.3617  0.0103695  0.958374   0.063836
5.74005  0.0380633  0.32184   0.0190135
4.42239  1.35768  0.288128   0.110426
0.0450302  0.0702791  1.2526   2.14442
2.13301  0.0297903  1.06207   0.043606
4.83709  6.13248  0.70543   0.379478
0.0835904  0.0185832  0.50724   0.103049
6.15155  0.0108046  0.761348   0.0780314
1.75779  0.698765  1.14353   0.0736354
4.94694  2.54875  0.293544   0.168707
4.95792  0.361905  1.07553   0.0496053
5.80034  0.00752638  1.01167   0.0524573
6.19008  0.00460096  1.14967   0.543385
0.0898328  0.0038648  1.2133   0.819515
0.311103  0.00928875  0.859565   0.0510289
0.0110813  0.00938541  0.907291   1.56612
0.0731542  0.0429561  0.233878   0.132688
5.23431  0.111679  0.528422   0.0279651
6.25789  0.00812843  1.22445   3.09555
5.23737  0.117574  0.498723   0.0286104
1.0877  0.159123  0.479883   0.0349338
6.10609  0.0261797  1.13954   0.275208
2.24639  0.19401  0.154431   0.0240369
6.08158  0.0269931  0.368604   0.0445307
0.2263  0.00323447  1.30561   0.620795
0.691202  0.107283  1.01613   0.0739414
0.134265  0.0613322  0.842045   0.246646
5.36469  0.0359496  0.748139   0.0153686
1.24934  0.394164  0.639369   0.0636458
3.85146  0.0853079  0.193635   0.0190666
0.33935  0.00760644  0.962718   0.068119
1.28795  0.249139  1.05012   0.0479746
6.0888  0.00512303  1.11386   0.214757
1.03439  0.0509105  0.866518   0.0253893
5.9206  0.0748812  0.364484   0.0657413
0.138258  0.0109321  0.777585   0.085425
0.508407  0.00859139  0.977519   0.0506996
1.7508  4.84871  0.341335   0.278372
0.185425  0.0100948  0.799898   0.0682694
0.31162  0.005134  1.12802   0.152259
0.397818  0.00603935  1.07819   0.0957161
2.73656  0.0258166  0.726936   0.0387023
2.30076  0.0317309  0.665855   0.0186374
5.66532  0.029894  0.722449   0.0229695
6.22179  0.0241905  1.33278   2.82317
5.86578  0.00680339  1.05356   0.0740028
3.63866  0.234857  0.051491   0.0226134
4.46668  7.90031  0.712536   0.980111
0.317075  0.00259328  1.34181   0.606661
0.22708  0.00963751  0.830251   0.0619257
0.315197  0.00870328  0.892357   0.0562827
6.27514  0.010621  0.765502   1.34153
5.09525  0.0921223  1.07579   0.0370726
0.211156  0.00644478  1.01821   0.132817
0.748884  0.0439296  0.397072   0.0181445
2.27462  0.0229313  0.868862   0.0247423
0.0351289  0.00131661  1.46962   28.1983
5.86673  0.00572244  1.1055   0.0961513
0.594384  0.00715492  1.08501   0.0695973
6.12624  0.00932218  0.837005   0.0816538
0.390363  0.00524405  1.13442   0.127497
0.0205157  0.00717985  0.957841   1.02318
0.339759  0.0112758  0.840787   0.0451925
0.994497  0.0315104  0.991226   0.0338207
4.38933  0.481161  0.540468   0.0710708
5.99748  0.00780136  0.983141   0.0784819
4.30646  0.618667  1.07651   0.116183
0.0982688  0.00508967  1.11044   0.427601
5.15862  0.126292  0.700398   0.0300363
6.09819  0.0148204  0.611448   0.0438568
5.79524  0.00417519  1.23852   0.178763
0.520511  0.00885104  0.950307   0.0448639
6.07385  0.00511838  1.11858   0.204249
0.382789  0.0126413  1.06978   0.0961124
5.80933  0.0223831  0.487273   0.0181908
1.15542  0.153894  0.710713   0.0357578
5.58361  0.0309397  0.4861   0.0151901
0.894385  0.0277503  0.82599   0.0224216
1.08663  0.0702325  0.864057   0.0269937
0.142091  0.00680958  0.987279   0.170839
0.622798  0.0176772  0.683333   0.0197777
3.0965  0.0193667  0.485472   0.189416
5.24418  0.0429183  0.961788   0.0234709
5.86247  0.00785586  0.969444   0.0496805
0.270183  0.00618245  1.04383   0.117435
5.59783  0.0153114  1.12506   0.0669449
1.02951  0.0567043  0.799094   0.023831
5.19146  0.226882  0.358564   0.0388054
4.86438  6.27424  0.429512   0.363864
0.926443  0.0179179  1.0928   0.0519392
5.84324  0.0228007  0.469046   0.0196409
1.05095  0.0416591  1.00774   0.0352797
4.38468  0.954822  0.281559   0.0867003
0.384897  0.00775612  0.963664   0.0610766
4.23248  0.082843  0.795532   0.0229571
4.12722  0.512646  0.0894299   0.0304762
2.69955  0.0126981  0.739096   0.0273809
5.70291  0.0123415  0.82216   0.0198456
2.27049  0.0950904  0.280675   0.021928
2.06036  0.294664  0.263436   0.0397791
2.75109  0.016665  0.591511   0.0247584
4.9337  81.5605  0.0112745   0.206923
2.63121  0.0232002  0.486098   0.0197813
3.35848  0.0363186  0.280504   0.0438448
3.15648  0.00244951  1.33535   11.9054
3.123  0.00783428  0.916212   0.95797
3.19182  0.00223902  1.35573   4.25638
1.68958  8.55695  0.615228   0.481412
2.5344  0.0109623  1.15396   0.0955019
3.74777  0.00757643  1.06842   0.0554615
2.63743  0.0147628  0.690035   0.0226702
3.34978  0.00218878  1.37171   1.20901
3.95156  0.0394773  0.509211   0.016
3.27935  0.00505389  1.11501   0.305535
1.05461  0.289879  0.228625   0.0366191
2.4216  0.00634447  1.22266   0.121625
3.69647  0.0124626  0.801281   0.0193706
1.94245  0.218549  0.70807   0.0437916
4.3863  0.799019  0.337539   0.0844758
3.15948  0.93349  1.45959   46.121
5.115  0.659274  0.217888   0.0593632
5.96491  0.0124773  0.713887   0.0276981
3.75658  0.0101204  0.943984   0.0304142
3.87101  0.0124055  0.955001   0.0273016
3.83186  0.0133653  0.877172   0.0206945
3.85611  0.149827  1.02894   0.0856627
4.03866  0.0106884  1.234   0.102481
5.31505  0.0767966  0.501273   0.0222706
2.38398  0.019904  0.758284   0.0203318
3.24046  0.00972259  0.81262   0.121514
2.96472  10.8817  1.34219   13.4808
1.15996  0.258248  0.487957   0.0471427
3.29368  0.0131909  0.664281   0.0559489
1.3665  0.976555  0.876562   0.101307
3.11474  0.00566857  1.06398   1.24073
2.04059  0.054025  1.03178   0.0380506
3.70918  0.00897931  0.968919   0.0367468
1.2182  0.217188  0.792431   0.0427733
3.34719  0.0210287  0.46065   0.0409868
0.761132  0.0182195  0.807292   0.0223764
2.85913  0.00693672  0.994652   0.0914924
3.64774  0.0141729  0.71106   0.0171162
1.38485  6.57014  0.23327   0.278003
3.68172  0.215515  0.058611   0.0213982
2.88322  0.00568431  1.078   0.142895
2.91907  0.00896886  0.863302   0.0701087
3.11535  0.00865926  0.867386   0.568604
4.23866  0.0533681  1.02572   0.0297018
3.20446  0.00850581  0.877   0.240104
2.01545  0.0682179  1.00395   0.035212
2.82369  0.017435  0.554907   0.0289738
3.71096  0.00770426  1.08273   0.063282
2.26806  0.0196275  0.953915   0.0315213
2.40029  0.0175751  0.798966   0.022219
4.43789  0.247099  1.0922   0.0453409
3.67269  0.0196915  0.566406   0.0157149
2.23175  0.0318962  0.789054   0.0212062
3.54021  0.00479315  1.17136   0.143543
3.08812  0.0453707  0.221576   0.182251
2.87135  0.00298446  1.29986   0.499589
5.09207  0.332782  0.484388   0.0547347
3.52091  1.89259  1.40937   1.28028
0.578202  0.0344165  0.367413   0.0189594
1.19204  0.120953  0.969886   0.0354681
1.00888  0.0630972  0.689083   0.0230346
3.14143  0.00194029  1.38293   1706.95
3.9234  0.0275474  1.07841   0.0476748
2.54237  0.00664302  1.11791   0.0805944
3.57296  0.00500204  1.23019   0.190278
0.17359  0.012616  0.687848   0.0563907
4.10043  0.231144  0.172218   0.0276388
2.38513  0.025844  0.628732   0.0176738
3.66821  0.0171125  0.629431   0.0155211
4.98526  0.795709  0.547414   0.0989661
3.94373  0.0411626  0.481243   0.0163345
2.06302  0.438719  0.176272   0.0408596
3.81528  0.018506  0.696776   0.0135845
2.42352  1.38059  0.0123487   0.019935
2.23712  0.0166764  1.08279   0.050451
5.16548  0.0925198  0.829617   0.0243507
5.6071  0.0374946  0.393358   0.0165955
3.54776  0.0108869  0.803975   0.0269022
3.32915  0.00765935  0.939301   0.100102
2.60115  0.011759  0.822127   0.0287715
2.91091  0.0399002  0.257319   0.0424221
3.68485  0.0101855  0.901449   0.0286587
3.70854  0.00661626  1.11554   0.0753214
3.01939  0.00782373  0.920454   0.151895
3.85862  0.057485  0.287656   0.0181435
2.49023  0.0342839  0.408605   0.0179238
3.60876  0.0152615  0.658191   0.0174347
2.1758  0.0326945  0.904819   0.0265594
5.14923  0.135604  0.695795   0.0313794
3.09423  0.00939619  0.827262   0.277221
2.6507  0.0127892  0.868559   0.0362945
2.65307  0.00797304  0.989252   0.0548394
2.77861  0.00331473  1.28352   0.333389
1.94953  0.58721  0.29196   0.0646119
2.85618  0.00476568  1.1515   0.186638
2.23658  0.0183799  1.04234   0.0426201
2.98922  0.00400794  1.20102   0.451747
2.9104  0.00602891  1.05717   0.144459
2.72689  0.0038916  1.24571   0.22709
4.12441  0.0279391  1.01827   0.0293837
2.38262  0.154558  0.121819   0.0201206
4.16192  0.0239647  1.16223   0.0600503
2.76233  0.00625289  1.05891   0.0916588
3.1184  0.00831919  0.887042   0.689485
2.13249  0.0417142  0.895123   0.0261985
4.90783  1.09113  0.88814   0.106374
5.58241  0.0187162  0.719218   0.0136306
3.49068  0.00305678  1.30207   0.389391
2.4121  0.019636  0.728848   0.0196068
3.25691  0.00323749  1.26802   0.904903
4.00574  0.0472531  0.514131   0.0172752
4.41048  0.42667  0.694773   0.0654347
3.12625  0.0116065  0.721347   0.640057
5.04663  0.683174  0.363452   0.0788728
4.97508  0.484791  0.84374   0.0653994
3.23597  0.00628701  1.02072   0.285482
3.19976  0.00277797  1.30563   2.37671
3.52881  0.0143518  0.661536   0.0210316
2.7517  0.0101158  0.835861   0.0389281
3.27782  0.0232565  1.44711   4.85849
2.71311  0.0161621  0.616884   0.0234297
3.9294  0.00808821  1.19956   0.0909738
6.03507  0.014264  0.636844   0.032751
3.06157  0.0203423  1.45685   9.75246
3.75958  0.061771  0.223345   0.0190349
3.85631  0.0189198  0.729549   0.0136881
2.59979  0.0251081  0.467337   0.0190976
2.94777  0.0046578  1.16641   0.293515
2.85418  0.860637  1.33914   0.920462
3.83423  0.017537  0.742881   0.0141134
2.9566  0.00991221  0.923732   0.104429
2.75806  0.00521073  1.1341   0.129372
3.26438  0.00502257  1.11673   0.346079
3.81284  0.0185511  0.69331   0.0135764
4.1776  0.0952936  0.56552   0.0255487
1.00631  0.0605252  0.702716   0.0227985
2.56404  0.0176516  0.643549   0.0195498
2.74016  0.00761917  0.976549   0.0618513
2.90408  0.00344602  1.25736   0.417019
4.02181  0.401552  0.0706456   0.0237054
0.464029  0.0191242  0.551544   0.0212718
2.98973  0.00649756  1.00931   0.175638
4.2611  0.0559198  1.07073   0.0357743
3.29942  0.00629093  1.06516   0.20844
3.1704  0.00194752  1.38281   9.78852
3.48658  0.0212268  1.21075   0.209783
3.23672  0.0208299  0.457409   0.0892381
3.56768  0.00570334  1.10982   0.0961533
2.61532  0.00947101  0.921222   0.0400797
3.39948  0.00558118  1.08825   0.142011
3.82197  0.0206927  0.64891   0.0133844
3.94919  0.0255074  0.70887   0.0136059
3.44448  0.0148293  1.42053   1.48852
3.08883  0.0271434  1.39892   6.42711
3.35677  0.00684249  0.991595   0.108612
5.26693  0.0455608  0.871039   0.018936
0.642858  0.0147985  0.77939   0.022939
3.07155  0.0063438  1.02655   0.404235
3.4371  0.0193504  1.09015   0.127507
4.05767  0.0336768  0.775537   0.0153525
3.92671  0.0164519  0.892109   0.0198203
3.54363  0.00452313  1.18986   0.158578
3.56071  0.00821237  0.946296   0.045055
3.50208  0.00561583  1.10202   0.108905
3.55471  0.0123722  0.747817   0.0226823
3.29631  0.0263602  1.17401   0.377987
2.98077  0.00485787  1.13205   0.293768
2.23009  0.164097  0.194706   0.0245715
3.80434  0.00792698  1.08946   0.0568731
1.82717  0.518853  0.847006   0.0697466
3.555  0.0059712  1.32083   0.385714
3.11309  0.0054762  1.07852   1.25167
3.19247  0.0443943  0.226256   0.190693
3.43711  0.00899564  0.878894   0.0491603
3.36784  0.00839823  0.906745   0.0724002
3.30102  0.00759082  1.15603   0.328002
3.9471  0.0443744  0.455302   0.0168481
2.31271  0.0142488  1.02574   0.0421427
4.17385  0.0272969  1.13874   0.0522031
3.5382  0.00844044  0.935217   0.0454986
3.25179  0.0153408  0.5899   0.0742569
4.20009  0.0792821  0.716508   0.0225976
4.04268  0.0227151  0.938417   0.0219098
3.6531  0.0127915  1.30841   0.285019
2.54217  0.00803317  1.04003   0.056826
2.84135  0.0094776  1.01461   0.0943826
0.622613  0.0226733  0.557427   0.0178744
0.971518  0.0410559  0.806123   0.022426
3.31111  0.00844513  0.900658   0.0953199
4.91712  2.11613  0.50342   0.185679
3.46149  0.00646057  1.06154   0.100358
3.08027  0.00376099  1.24005   1.41681
2.73545  0.00381512  1.24688   0.233284
3.05789  0.0127825  0.675521   0.111034
4.3603  0.502074  0.415058   0.0680955
2.4604  0.00583127  1.24819   0.149134
3.02737  0.00311643  1.27682   0.981101
3.04156  0.00397944  1.20418   0.697395
3.42664  0.0117072  0.739339   0.0328137
3.00998  0.0504524  0.201325   0.0750337
2.44479  0.00810635  1.27528   0.175702
2.1697  0.0260577  1.08208   0.0483506
2.6381  0.00878332  0.946207   0.0454241
3.044  0.0151693  0.594482   0.0887014
1.20112  0.138113  0.94283   0.0355645
3.97981  0.107181  0.222592   0.021033
3.62564  0.021417  0.509419   0.0175614
2.31452  0.0210539  0.836917   0.0232225
5.59114  0.0350862  0.429772   0.0160516
4.357  0.248843  0.712423   0.0458666
2.95065  0.00556322  1.08005   0.192803
3.9894  0.00841335  1.24942   0.118744
1.00958  0.0993705  0.483499   0.0267572
3.13417  0.00607384  1.03407   3.90652
5.98109  0.0285633  0.359672   0.030206
3.64185  0.0525059  0.227215   0.0212857
3.78341  0.984455  0.0148239   0.0199451
2.34361  0.01126  1.08349   0.0550336
3.85188  0.00952488  1.05396   0.0446247
4.20996  0.0520261  0.953757   0.0233468
3.58653  0.00851713  0.937351   0.0407843
0.119123  0.0113984  0.733859   0.0878078
3.31961  0.00240982  1.38436   1.61586
2.74667  0.00634725  1.05708   0.0876475
2.47537  0.00774479  1.10173   0.0684963
2.53  0.00607806  1.30346   0.241054
4.55998  3.66728  0.66072   0.272937
2.47377  0.0192878  0.670894   0.0187361
6.17717  0.00970471  0.813426   0.113364
2.19148  0.0398054  0.769487   0.021299
0.573138  0.0124115  0.814661   0.0270058
5.8608  0.0188622  0.544245   0.0192608
3.30996  0.00389563  1.21911   0.448313
5.16076  0.111068  0.754621   0.0273152
3.4486  0.0207236  0.478933   0.0272016
3.45294  0.00865758  0.895049   0.0495327
5.271  0.0400931  0.922454   0.0207528
3.20173  0.00542643  1.08289   0.600015
3.45892  0.00679824  1.00966   0.0792642
3.3245  0.0281713  0.353196   0.0495559
3.87746  0.0123488  1.00861   0.0347765
3.19157  0.00518628  1.10119   0.790349
0.974958  0.11884  0.351171   0.0266521
2.97133  0.0120677  1.06266   0.200524
4.0306  0.0658857  0.420227   0.0199712
4.99723  0.952816  0.419715   0.10384
3.90159  0.0402111  0.440914   0.0163474
3.18812  0.00896703  0.850479   0.296622
2.46835  0.0124587  0.893238   0.0303397
3.79446  0.0117415  0.90695   0.0245309
3.0367  0.00507606  1.11155   0.403143
2.40507  0.00899326  1.13736   0.0751213
2.72292  0.0131564  0.713612   0.027177
3.02571  0.00597531  1.04438   0.266417
1.04774  0.0918724  0.613985   0.0268523
3.00985  0.00321251  1.26894   0.805465
3.23363  0.0591458  1.405   3.96342
3.23322  0.00584931  1.05223   0.339565
2.7989  0.0124707  0.719388   0.0324089
3.29347  0.00908179  0.849525   0.0882135
3.37889  0.00844388  0.894507   0.0655809
1.70234  4.69951  0.757615   0.310704
5.92865  0.0115084  0.762144   0.0275066
2.42776  0.0160584  0.979342   0.0395775
2.74665  0.010132  0.91692   0.0506295
3.27527  0.00535015  1.09657   0.287025
0.939661  0.0561494  0.579063   0.0210544
3.00344  0.010087  0.7962   0.0891733
2.69609  0.00434602  1.2185   0.179352
2.52182  0.00649864  1.22477   0.139292
5.14787  0.509785  0.220658   0.0507772
6.23817  0.00926808  0.83404   0.290172
4.2024  0.0536841  0.916704   0.0214536
3.2549  0.0289624  0.340855   0.080515
3.91577  0.119296  1.2513   0.134318
3.39207  0.00396869  1.21261   0.289819
2.53646  0.0103755  0.944198   0.0389743
2.91727  0.0122909  0.706234   0.0459479
3.15311  0.00588341  1.04791   2.67149
2.05376  0.0673186  0.888694   0.027623
2.71092  0.00577159  1.10573   0.101306
3.05806  0.00733713  0.949182   0.245979
2.84257  0.00495701  1.13829   0.166753
3.82365  0.0101707  0.997689   0.0352557
5.24798  0.0415668  0.966503   0.0237945
3.77928  0.00872367  1.02906   0.043566
4.0262  0.0154579  1.08   0.0424367
2.74762  0.00937195  1.3137   0.388774
2.16528  0.0268236  1.02168   0.0378579
5.61625  0.0335316  0.427634   0.0160863
2.02521  0.327233  0.297057   0.045037
2.7197  0.0198368  0.522056   0.0227373
2.76174  0.0117224  0.759418   0.0323977
3.58148  0.0103966  1.07312   0.0776738
3.21866  0.00577433  1.0573   0.413973
3.84883  0.0090599  1.07203   0.0490629
5.62404  0.133074  0.112675   0.0195766
3.97708  0.0164111  0.971578   0.0263429
2.50389  0.0147023  0.778271   0.0229936
3.93773  0.0501892  0.397858   0.017615
2.88524  0.00504969  1.12559   0.181031
2.95105  0.0219753  1.00917   0.149309
3.74377  0.0137381  0.784128   0.0170747
4.33319  0.091458  1.09111   0.0394471
2.94083  0.00836034  0.89491   0.0860471
3.15753  0.00399053  1.19813   4.18793
3.11616  0.00378179  1.21817   2.96821
2.75419  0.00839972  0.926313   0.0528474
2.86447  0.00856918  0.893217   0.0634283
2.17978  0.276326  1.1319   0.0957144
3.15227  0.00327631  1.26126   9.34436
3.9333  0.0261434  0.672214   0.0135369
2.64827  0.00813461  1.15905   0.11722
1.99253  0.0507915  1.18858   0.0737306
4.88947  1.41675  0.906732   0.123719
2.87544  0.00949241  0.840899   0.0553289
2.24476  0.0253603  0.875663   0.0249385
0.158599  0.0116715  0.724952   0.0656851
1.92911  0.120803  1.04788   0.0417526
5.84235  0.0185581  0.557149   0.0184035
1.83198  1.55092  0.343455   0.131553
4.43738  0.218729  1.13811   0.0513221
3.79365  0.068157  0.214702   0.0188716
2.73026  0.0200711  0.514091   0.0231856
3.09268  0.0142481  0.622165   0.177253
5.11873  0.0635939  1.14932   0.0522019
3.38306  0.00987455  0.817583   0.0487604
5.79317  0.00853795  0.953518   0.0396857
3.16247  0.00803909  0.903728   0.806351
3.00753  0.00925368  0.83895   0.104443
2.8274  0.00406755  1.21104   0.237559
3.21624  0.00682038  0.983028   0.307041
3.11411  0.00314908  1.27247   3.93152
2.63688  0.102212  0.118711   0.022195
4.54419  4.60642  0.430503   0.296646
3.08886  0.00915043  0.922048   0.350979
3.59814  0.016428  0.618752   0.0175596
0.632338  0.0182278  0.667294   0.0191136
4.31943  0.195299  0.678329   0.0396738
3.19608  0.00620363  1.02531   0.507226
3.03164  0.00977639  1.26108   0.912634
3.21311  0.00817586  1.38652   4.10735
2.39071  0.104324  0.175627   0.0197632
2.59941  0.00535096  1.17222   0.115662
1.68306  5.20598  0.942749   0.280024
2.06662  0.0621584  0.88781   0.0271655
3.82577  0.0139016  1.01973   0.0394125
1.14297  0.291954  0.392435   0.0474245
1.16389  0.135611  0.805666   0.0333592
3.81063  0.0127261  0.878479   0.0213655
2.84305  0.00550172  1.23568   0.29025
3.4376  0.00852247  0.899056   0.0530415
0.396197  0.0206638  0.497862   0.023897
3.83662  0.020755  0.662484   0.013314
4.97182  0.382542  0.976591   0.0508055
2.77582  0.00662472  1.32201   0.446217
3.12795  0.00974983  0.808413   0.898232
2.41761  0.0117839  0.992212   0.0406624
3.78753  0.0133121  0.834994   0.018782
2.20816  0.0521486  0.599984   0.020599
1.02446  0.098946  0.51992   0.0271462
5.43563  0.0666551  0.35997   0.0195184
6.08649  0.0336189  0.300422   0.0476969
3.4136  0.00949562  0.844   0.0471045
5.35376  0.0855899  0.388486   0.0224885
4.1914  0.302735  0.213236   0.0361066
3.74146  0.00814086  1.03668   0.0478828
2.48182  0.0124545  0.884778   0.0299788
2.3671  0.0167193  0.869027   0.0259136
1.135  0.0519695  1.14338   0.0590556
6.00539  0.0457394  0.228726   0.0354801
3.19619  0.0035173  1.23945   1.57626
2.70741  0.00319732  1.30459   0.330398
4.34561  0.193969  0.787889   0.0379018
4.20291  0.128309  0.500841   0.0301977
0.206542  0.0905677  0.114743   0.049391
3.00035  0.00325264  1.26918   0.753181
2.22933  0.0612145  0.487659   0.021069
3.32659  0.00580553  1.06133   0.174204
0.85681  0.0345558  0.644269   0.0185394
2.50795  0.0192474  0.642269   0.0186114
2.32886  0.00893842  1.18929   0.091464
4.01304  0.0181519  0.986666   0.0273515
3.572  0.00558376  1.28799   0.285599
2.71503  0.0121688  0.755271   0.029187
3.0135  0.00328173  1.26253   0.792163
2.48596  0.0167934  0.727788   0.0204782
3.52444  0.00760093  0.972467   0.0554123
2.65078  0.0136226  0.724244   0.0245387
5.08907  0.422939  0.401343   0.0602
4.36802  0.302444  0.664582   0.052724
0.572709  0.0265638  0.45972   0.0185478
3.52899  0.00412072  1.27395   0.28467
2.78773  0.00679364  1.02278   0.0835385
3.2179  0.296417  0.0345193   0.133785
1.45491  10.1831  0.569165   0.538178
2.48192  0.01143  1.13126   0.0796059
2.55305  0.0187732  0.6211   0.0189559
3.55705  0.0176145  0.572982   0.019298
3.02428  0.00994483  0.801885   0.105979
3.13693  0.00685832  0.979133   4.90023
0.726506  0.0125691  0.945197   0.0341906
2.32245  0.0215071  0.812776   0.0220829
5.90392  0.0129564  0.70949   0.0228461
1.08604  0.156281  0.482904   0.0346185
2.88479  0.0059843  1.05859   0.131553
2.91006  0.00497471  1.14169   0.216687
3.67982  0.00758997  1.14709   0.093913
0.757119  0.0279083  0.593464   0.0174664
3.15889  0.00665074  0.993353   1.39743
3.21351  0.00698185  0.974479   0.307539
4.19997  0.261627  0.257852   0.0364365
2.70013  0.0058165  1.10936   0.100815
4.35609  0.390669  0.499658   0.0611541
2.28989  0.0265057  0.765505   0.0202552
5.13291  0.929389  0.136325   0.0560937
2.66432  0.00844294  1.00521   0.0596847
3.40219  0.0156945  0.5936   0.0306503
2.24355  0.0671502  0.427099   0.0212819
2.81846  0.0184643  0.530527   0.0284329
5.08294  0.204187  0.746389   0.039894
3.17051  0.00468181  1.14088   1.67614
0.305776  0.0444786  0.237262   0.0327559
4.1009  0.0222736  1.06588   0.037313
5.21263  0.0686261  0.825277   0.021
3.22474  0.0023445  1.35399   2.52894
0.524526  0.0299714  0.393271   0.0198444
2.04571  0.043405  1.10953   0.0513152
3.56156  0.00896798  0.932038   0.0424114
2.285  0.0132763  1.09798   0.0559008
2.54217  0.013376  0.795299   0.0249071
3.37847  0.00416002  1.19856   0.281288
2.94401  0.00305795  1.28796   0.619687
2.74263  0.0244442  0.43132   0.0240413
4.0541  0.0201549  1.01608   0.0303371
3.26075  0.0235516  0.411567   0.0731588
2.23057  0.0264375  0.885199   0.025457
4.28723  0.283084  0.410519   0.046943
5.16891  0.119903  0.688912   0.0291238
2.89472  0.00583321  1.21103   0.299392
5.13491  0.178845  0.612332   0.0378473
2.2583  0.0402067  0.621044   0.019018
3.00888  0.00903409  0.850714   0.109582
2.98329  0.00316895  1.27547   0.703624
2.46448  0.00675451  1.16243   0.0911413
2.94559  0.00522899  1.10575   0.212513
2.67898  0.00999455  0.866279   0.0370753
2.84996  0.012828  0.695413   0.0356571
4.42049  0.274807  0.962239   0.0426549
3.78681  0.0155207  0.7577   0.0151449
4.17925  0.0746289  0.685724   0.0219253
4.37837  2.40468  0.107864   0.0894003
0.995357  0.0396995  0.883396   0.025482
2.81928  0.0133954  0.679764   0.0318778
3.03619  0.0711293  1.08654   0.450029
3.22308  0.00234048  1.34792   2.43687
3.97606  0.0119566  1.10775   0.0513641
3.02793  0.00942283  1.12858   0.406698
0.16789  0.0108468  0.762266   0.0677722
6.15154  0.0119038  0.713143   0.0700371
2.95293  0.0687223  1.35429   1.13146
2.93678  0.00520734  1.11407   0.212152
2.6123  0.0779266  0.159018   0.0213309
2.84586  0.00625133  1.04314   0.107567
4.03893  0.589563  0.0516382   0.0245835
3.24912  0.00669857  1.43051   4.76501
3.58757  0.0138534  0.706287   0.0194237
3.15274  0.00392454  1.20373   6.19261
2.94729  0.00466898  1.2276   0.418115
5.93028  0.0193705  0.515534   0.0231943
2.74918  0.0154439  0.62774   0.0253681
3.03438  0.00444  1.16267   0.514409
3.29821  0.00579945  1.06002   0.204883
3.14389  0.00450882  1.15481   22.7944
5.13399  0.101036  0.896742   0.0258663
2.83892  0.00469159  1.16005   0.184685
3.03213  0.00271428  1.31386   1.3574
1.24948  0.503559  0.527698   0.0733269
2.7585  0.0156715  0.618313   0.0256469
1.15642  0.19474  0.600809   0.0410148
2.27057  0.0141125  1.09529   0.0546182
3.06863  0.0472079  0.213474   0.13415
6.09951  0.0125467  0.691509   0.0476592
3.22476  0.00830005  0.88976   0.189367
2.65647  0.00910552  0.920903   0.0427883
0.738356  0.0277132  0.573972   0.0173609
3.1073  0.00791704  0.91134   0.511767
5.37115  0.0478577  0.595632   0.0173046
5.26923  0.0425231  0.89864   0.0197097
1.92366  0.226838  0.769506   0.0441262
3.86539  0.0159372  0.82597   0.0166765
3.70668  0.182348  0.0713084   0.0208228
2.90228  0.00654342  1.02974   0.123911
1.78289  0.872773  0.875802   0.0943884
3.28137  0.00276702  1.35896   1.5798
2.4733  0.0314806  0.452975   0.0176058
5.40361  0.0297745  0.76077   0.014632
1.16469  0.183648  0.658516   0.0396991
3.3216  0.0106082  0.989132   0.130534
2.63991  0.0160335  0.648833   0.0215265
4.47292  0.454472  1.0097   0.0548276
4.4443  0.723944  0.615585   0.0937642
2.95265  0.0137213  0.876894   0.0898194
5.25469  0.128091  0.424831   0.0290307
2.8599  0.00607707  1.06058   0.121639
5.23043  0.116935  0.518449   0.0286875
3.6877  0.00907914  1.23417   0.156458
3.25835  0.00595894  1.30132   1.14446
2.38564  0.0182419  0.800434   0.0221101
2.92164  0.0757571  0.938081   0.185485
5.01528  0.710314  0.46011   0.0883306
3.33061  0.0090847  0.852816   0.0711131
1.42442  12.5916  0.250369   0.445627
3.11845  0.00240085  1.34025   8.00856
3.0423  0.00373331  1.22795   0.812276
2.55883  0.0304977  0.411996   0.0186111
4.0212  0.0139263  1.11429   0.0510435
3.64433  0.0153952  0.668941   0.0164119
4.21165  0.187454  0.376454   0.0351452
5.7522  0.0203826  0.550834   0.0158751
5.71578  0.0792614  0.16334   0.0202712
3.51265  0.03047  1.24055   0.236671
3.30544  0.0294432  1.25228   0.573845
4.11049  0.0459927  0.742887   0.0169767
3.15371  0.0100033  0.795475   0.965263
3.69738  0.00933043  0.944717   0.0336748
1.22509  1.20026  0.192647   0.0813592
2.08074  0.0436173  1.01384   0.0359462
1.95074  0.329043  0.488176   0.054903
2.13005  0.0730421  0.625337   0.0240437
1.80784  0.913792  0.684618   0.108711
1.94008  0.284926  0.590227   0.0517781
3.30393  0.00933939  1.41027   2.40461
1.80675  0.508787  0.978754   0.0628785
4.46695  0.834991  0.676765   0.102155
2.32201  0.0526652  0.407778   0.0191136
2.19428  0.0976547  0.371539   0.0245016
3.06078  0.00628531  1.02608   0.350222
3.6634  0.0098542  0.904685   0.0302351
4.43727  0.280762  1.03509   0.0434384
2.81218  0.00412435  1.21081   0.226822
2.6877  0.0159021  0.633394   0.022771
2.58601  0.0107168  0.876656   0.033121
3.12285  0.00867016  0.866681   0.792489
5.79764  0.0115138  0.805223   0.0224206
2.4585  0.0848183  0.183972   0.0193113
2.35702  0.0460446  0.416378   0.0184051
0.170206  0.010695  0.769513   0.0681372
2.76874  0.00467022  1.17343   0.163208
4.32197  0.288171  0.50842   0.050434
2.44849  0.00845824  1.09071   0.0631335
3.88056  0.019739  0.737902   0.0136963
3.21936  0.00909689  0.844369   0.172378
2.93679  0.0735352  1.06011   0.222869
2.86955  0.00972776  1.01714   0.104654
3.62709  0.00978578  0.908925   0.0331901
0.877243  0.0362147  0.659567   0.0189223
3.96132  0.0204911  0.837871   0.0162281
2.78974  0.0173204  0.564631   0.0266397
2.78191  0.00992267  0.837513   0.0419206
2.76751  0.00836548  0.937998   0.0569223
3.04069  0.0219689  0.43688   0.0872084
2.71311  0.00619604  1.07566   0.0885052
3.8434  0.0134171  0.886037   0.0211111
4.24735  0.144383  0.573323   0.0330189
3.00968  0.00200297  1.383   2.15276
3.82475  0.045749  0.332242   0.0174647
4.15594  0.0383729  0.949064   0.0223896
3.66245  0.00643065  1.09254   0.0723804
3.40926  0.0318377  0.321761   0.0348294
0.277798  0.064544  0.163502   0.0367054
1.00631  0.126074  0.386186   0.0285106
3.82347  0.0147918  0.929484   0.0264544
2.43526  0.0258676  0.570414   0.0173575
5.53067  0.0252062  0.635559   0.0134812
0.442316  0.0563424  0.202598   0.0239934
4.34648  0.25573  0.654866   0.0473919
2.05524  0.0537092  0.991509   0.0336281
2.75673  0.0175036  0.567563   0.024752
3.08194  0.00222728  1.35664   3.62346
3.32551  0.0153046  0.596302   0.0439224
1.15059  0.22306  0.520226   0.0436818
3.49466  0.0223829  0.455956   0.0242016
4.12123  0.285989  0.154634   0.0294577
5.05856  0.130994  1.05893   0.0363961
3.7731  0.0165597  0.713971   0.0143071
2.60648  0.00746649  1.03546   0.0612285
2.90293  0.00285398  1.31121   0.616206
2.83399  0.0101669  0.813925   0.0448126
2.28418  0.0256543  0.792469   0.0211193
3.21508  0.0119341  0.708859   0.126678
2.61988  0.00880322  0.953795   0.0453572
2.9671  0.00451265  1.16054   0.314992
3.24796  0.0070762  0.967264   0.200635
5.14962  0.180639  0.558734   0.0379529
4.47797  1.60291  0.448671   0.14962
3.04655  0.0306665  0.322652   0.0980723
3.48184  0.0102689  0.81576   0.0337179
4.44346  0.719843  0.61379   0.093417
1.79279  1.42368  0.56928   0.146133
5.8755  0.0331277  0.328974   0.0234778
4.55074  3.08696  0.65795   0.243568
3.09219  0.0049061  1.1232   0.901607
4.37611  1.59444  0.15859   0.0869996
3.68408  0.0196915  0.954294   0.0385034
2.9539  0.0135497  0.654512   0.0500417
3.35165  0.00259227  1.44626   3.11954
1.91818  0.428074  0.494191   0.0651233
3.08901  0.00419197  1.18312   1.16897
3.20084  0.00962441  0.839609   0.225052
4.04807  0.0420008  0.646074   0.0161482
3.50434  0.00340192  1.27729   0.310797
4.33843  13.6152  0.013481   0.0721356
3.08577  0.00346402  1.24413   1.59774
4.04016  0.0323076  0.758729   0.0149403
3.86647  0.026365  0.581472   0.0139016
3.24255  0.00271511  1.31254   1.44713
0.79909  0.0281837  0.646916   0.017971
3.25972  0.010823  1.29093   1.04457
6.23104  0.0336901  0.294534   0.179872
1.94242  0.200423  0.751189   0.0412813
1.21019  0.493633  0.394411   0.0663073
4.01682  0.0235583  0.869275   0.0174769
3.0902  0.0057177  1.06071   0.640633
0.766653  0.134839  0.142386   0.0201473
2.50072  0.0148792  0.989092   0.0445083
2.06912  0.914764  0.0820404   0.0408653
1.32143  0.796491  0.676151   0.099601
3.57909  0.00252166  1.38498   0.677645
3.09469  0.0196179  0.480167   0.182519
3.09682  0.0232184  0.41452   0.197055
3.1249  0.00555722  1.07225   2.07139
3.63344  0.00449125  1.21734   0.154704
1.22485  1.16453  0.197982   0.0810747
5.49246  0.018711  0.836896   0.0163952
3.4023  0.00734913  1.00605   0.095371
2.9135  0.0111377  0.808804   0.0587597
3.0033  0.00507496  1.11427   0.311367
5.94838  0.0130091  0.696759   0.0255097
3.84993  0.0149001  0.841453   0.0177971
4.25918  0.137245  0.634428   0.0319754
5.23768  0.154585  0.392039   0.0317033
1.89127  0.542186  0.499523   0.0760194
2.34874  0.0183442  0.850029   0.0243582
3.44831  0.0145845  0.635619   0.0262476
3.25102  0.270747  0.937491   1.18773
3.43985  0.00315295  1.28655   0.402827
2.3244  0.024237  0.749837   0.0197935
2.90252  0.011906  0.970206   0.0986004
3.59496  0.0151305  0.656956   0.0179205
2.30546  0.0141547  1.03953   0.0442689
5.53008  0.739423  0.0251808   0.0202674
3.21047  0.00284252  1.30184   1.94797
2.79383  0.00698757  1.12886   0.138062
2.92308  0.251845  0.0415394   0.0472412
3.04591  0.00750732  0.939016   0.206932
4.99105  0.500166  0.737944   0.071382
3.10203  0.00867011  0.866984   0.378013
3.16718  0.0060227  1.0384   1.15009
3.22407  0.00882218  0.876953   0.182668
1.86422  0.259877  0.980783   0.0457622
2.88806  0.00600071  1.05705   0.132243
3.87461  0.0162733  0.826804   0.0165809
3.19345  0.0148126  0.603951   0.160739
2.81536  0.0254423  0.402939   0.0288667
1.90036  0.474324  0.519742   0.0703479
3.42322  0.0162444  0.580831   0.0283056
2.07903  0.0472848  0.981776   0.0326083
3.48961  0.0069012  1.00921   0.0720334
3.18937  0.00577495  1.05638   0.666944
0.800572  0.105507  0.200005   0.0204686
3.76345  0.00544723  1.20937   0.118538
3.61957  0.00749018  1.01354   0.0534542
3.10315  0.0114448  0.728639   0.261378
2.81806  0.0112182  0.767925   0.0379038
3.7536  0.0103242  0.932207   0.0290207
0.837995  0.021919  0.835662   0.0230683
3.76445  0.00538294  1.21039   0.119127
2.75856  0.0102699  0.833668   0.0393199
4.25106  0.120745  0.669565   0.0293694
2.46613  0.0798836  0.987015   0.0618383
1.87624  3.57263  0.095726   0.10726
3.36262  0.36474  0.97578   0.759793
2.80863  0.019654  0.505445   0.0276739
2.77874  0.00683421  1.01628   0.0794563
2.18606  0.0229664  1.04493   0.0417849
5.06514  1.27419  0.170945   0.0787252
3.45222  0.00965731  0.840178   0.0403777
2.47858  0.184413  0.0820659   0.0197429
3.26967  0.00587862  1.05188   0.241696
3.66  0.0107785  0.853751   0.0248457
5.14185  0.11692  0.795933   0.0278324
2.81417  0.0060122  1.06514   0.107867
3.44505  0.014477  0.638619   0.0265885
1.14301  0.100753  0.875928   0.0303245
3.88135  0.00663686  1.22821   0.114969
2.76971  0.0107691  0.79971   0.0365317
3.00136  0.00212725  1.40011   2.46181
2.9589  0.00467836  1.15036   0.28527
5.21329  0.0578789  0.907194   0.0214458
3.43806  0.383872  1.1198   0.513808
2.6075  0.0116746  1.09992   0.0818353
1.9059  0.182903  0.953725   0.0394516
0.760577  0.0415616  0.428896   0.0180113
3.94556  0.0135394  1.01156   0.0326297
3.20028  0.00339135  1.25266   1.60038
1.11115  0.276946  0.335831   0.0430039
3.31395  0.0105982  0.774275   0.0609753
4.16612  0.0556031  0.79485   0.0188379
3.86943  0.0206018  0.702947   0.0133456
2.16753  0.0273874  1.09712   0.0515955
2.78306  0.0125499  0.719972   0.0312319
2.93441  0.0225123  0.916882   0.102547
3.56809  0.00711461  1.0476   0.0703958
6.25459  1.05491  0.00967866   0.356938
2.26531  0.0110723  1.1941   0.089019
4.33424  0.57811  0.297635   0.0644615
2.9998  0.00227786  1.38781   2.11301
4.19273  0.0264155  1.19047   0.069678
2.82421  0.0109184  0.780269   0.0397616
3.02432  0.00535206  1.09658   0.335671
3.3035  0.00873659  0.8696   0.088735
0.378144  0.0538854  0.203471   0.0273542
3.59901  0.0035821  1.28784   0.269294
3.0129  0.0178886  0.522122   0.0670467
3.99119  0.0180369  0.951009   0.0238167
2.56942  0.0127446  0.800911   0.0260862
3.60578  0.00991873  1.29381   0.278021
2.70805  0.0103406  0.99374   0.0622589
2.99809  0.00284762  1.30648   0.978407
5.50124  0.0226798  0.727719   0.0135492
3.40632  0.00588203  1.0656   0.12378
2.52487  0.0128952  0.826597   0.026493
5.76548  0.573778  0.0215167   0.0220504
3.9045  0.0190891  0.786447   0.0146706
2.03381  0.0474043  1.10586   0.0503195
3.42058  0.00434128  1.18821   0.224845
0.645208  0.0122579  0.875162   0.0295402
2.94018  0.0161876  0.572574   0.0440748
3.98349  0.027836  0.72337   0.0139812
4.15193  0.0506746  0.802077   0.0181656
3.5267  0.0562192  0.19597   0.0266598
1.3206  0.928912  0.597828   0.110801
3.854  0.0154725  0.827286   0.0169274
3.85684  0.00812466  1.12371   0.0637197
2.85458  0.407576  1.22483   0.522802
5.91136  0.0154929  0.62087   0.0214299
2.73127  0.00567904  1.1092   0.10761
1.35721  13.5326  0.0755763   0.221021
4.21962  0.037965  1.1174   0.0454265
2.40731  0.00514527  1.29031   0.187624
3.05396  0.0133276  0.655411   0.10345
4.36538  0.209733  0.834514   0.0388302
2.97981  0.00522954  1.11274   0.265057
4.96965  0.507263  0.852976   0.0668361
2.67606  0.00868348  0.936128   0.0467558
2.8549  0.0198867  0.49287   0.0316339
3.26298  0.00328662  1.26969   0.869932
3.1957  0.00669926  1.3934   5.86703
3.54051  0.0131335  1.20311   0.173322
2.55064  0.0154586  0.717266   0.0213297
2.78321  0.0128171  0.709528   0.030631
2.24984  0.0314321  0.758347   0.0202906
5.27676  0.139625  0.352064   0.0287154
2.95149  0.00491622  1.13302   0.250799
2.89462  0.00456268  1.16284   0.22768
1.83412  1.0898  0.460731   0.117193
2.48518  0.00735569  1.11468   0.0736579
4.35223  0.234406  0.721601   0.0439945
3.14922  0.00524709  1.33695   23.5934
3.58787  0.00762173  0.989885   0.0513107
2.17307  0.0264414  1.02034   0.0378425
3.97991  0.014011  1.04945   0.0379228
3.95025  0.0143297  1.00114   0.0309426
3.95154  0.0253944  0.714853   0.0136364
4.35502  0.223316  0.757695   0.042014
2.38548  0.0125527  0.981505   0.0378693
4.23889  0.0696371  0.902169   0.0224827
2.98456  0.00197854  1.39912   2.17495
2.79616  0.00982019  0.932992   0.0603852
0.443106  0.0121162  0.762807   0.0288061
3.30802  0.0346202  0.290589   0.056591
3.29109  0.00665027  1.00332   0.165785
3.77268  0.0101209  0.95714   0.0314655
5.45922  0.020759  0.83851   0.0162335
3.28186  0.009166  0.844054   0.0939713
2.50972  0.0383249  0.358258   0.0183826
2.83532  0.00391926  1.2557   0.322705
3.79622  0.0195302  1.20456   0.110199
0.628586  0.0493849  0.281323   0.0189446
3.28435  0.0049678  1.12201   0.305549
5.73299  0.015359  0.694496   0.0155278
3.24894  0.0116008  0.724434   0.0884724
3.17194  0.0099362  0.799033   0.387399
3.13831  0.00664304  0.993805   7.40555
3.13972  0.00303896  1.2814   61.4969
3.28575  0.0166003  1.16842   0.390323
1.85972  1.34413  0.294025   0.110934
0.348051  0.0239653  0.428618   0.0270218
5.66205  0.0253958  0.506853   0.0151188
2.44047  0.0200481  0.685717   0.0187288
3.7561  0.0210466  0.58551   0.0142266
4.13324  0.144461  0.3172   0.0281328
3.31274  0.00555917  1.16394   0.318891
3.07543  0.00966601  0.813677   0.191362
3.04296  0.0157694  0.576671   0.0871914
4.9523  0.596768  0.878107   0.072604
5.48396  0.0226064  0.755602   0.0139157
2.98584  0.010564  0.775717   0.075304
4.05797  0.021467  1.00051   0.0282
3.2742  0.00568104  1.06706   0.250664
3.40142  0.0101969  0.863568   0.0537452
3.41849  0.00583551  1.07496   0.123824
2.75452  0.0036995  1.25256   0.253237
2.47565  0.482116  1.18234   0.238373
2.90607  0.010356  0.793214   0.0537312
3.14231  0.00656021  0.999523   34.7156
2.4325  0.0333575  0.464112   0.0175034
3.22113  0.00550353  1.43451   6.82591
2.55982  0.0220853  0.54282   0.0183884
3.4319  0.00669578  1.01271   0.0879821
3.18911  0.00315277  1.3091   2.99143
3.26173  0.00542316  1.08546   0.302649
3.03755  0.00525222  1.09793   0.380155
3.4346  0.00487707  1.14635   0.169052
4.39053  0.192708  0.9874   0.0360234
1.22268  0.209707  0.829663   0.0415588
3.32227  0.00504245  1.1381   0.262343
0.974509  0.0333775  0.915649   0.0272685
2.57987  0.0107297  0.883743   0.0336087
2.17883  0.034712  0.868067   0.0245082
2.97295  0.0074331  0.950554   0.124986
2.83891  0.00295188  1.33918   0.619638
3.71197  0.0134555  0.772525   0.0173872
3.57758  0.0118582  0.771157   0.0226554
1.24074  0.307335  0.721132   0.0536664
3.33293  0.00952138  1.2135   0.381354
3.94911  0.0146586  0.980782   0.0281788
2.7547  0.00726887  1.13699   0.130315
2.47577  0.0152292  0.789604   0.0230255
3.40813  0.0174734  1.11949   0.162825
0.751569  0.0317401  0.528821   0.0174146
2.30332  0.0184857  1.17437   0.0826404
3.43507  0.00904559  0.869471   0.0477195
3.3058  0.0123268  0.698421   0.0541869
4.12598  0.0235223  1.09523   0.0425981
2.87797  0.0125524  0.701269   0.039375
6.26931  0.0134085  0.650661   0.628578
0.36209  0.0113455  0.771118   0.0346911
4.94609  2.28079  0.329113   0.166088
4.03106  0.0200996  0.972658   0.0253767
3.59613  0.0120669  0.769328   0.0215904
1.83723  0.726243  0.623103   0.0944111
3.51048  0.00349329  1.29285   0.343584
4.01489  0.0360863  0.653783   0.0150698
2.81873  0.00973736  0.844435   0.0471111
3.49834  0.00790518  0.947809   0.0534926
2.59334  0.0117965  0.8302   0.0291468
2.52443  0.0172463  0.682306   0.0197162
3.45803  0.0342702  0.305318   0.0300175
4.24065  0.101586  0.720412   0.0261282
0.00921476  0.0296455  0.331579   0.999443
3.86337  0.0287147  0.53969   0.0144551
5.04071  0.867643  0.306506   0.0850764
0.352258  0.0159826  0.601647   0.0271394
3.27944  0.00812286  0.912703   0.123495
5.10488  0.455607  0.333769   0.0584439
3.05571  0.00804092  0.905438   0.202461
3.26853  0.00898227  1.47976   9.67023
2.28632  0.0133815  1.0931   0.0547477
2.81014  0.0174539  1.24292   0.27558
3.33208  0.24419  0.0425697   0.0539911
3.06201  0.0109214  0.753588   0.135589
2.96832  0.0106231  0.77338   0.0676823
1.94713  0.142172  0.90225   0.0348776
3.14392  0.012881  0.670057   3.84189
1.19596  0.491898  0.354796   0.0632922
2.54937  0.00829203  1.02019   0.0528781
3.16639  0.00743469  0.941384   0.785291
3.43889  0.0143534  1.33732   0.612084
3.69693  0.00707764  1.06888   0.0603848
5.23589  0.162618  0.378061   0.0322779
4.19549  0.0893424  0.644647   0.0245271
2.45485  0.0124692  1.09366   0.0646124
3.00686  2.62789  1.10465   7.78954
3.32279  0.0081624  0.904952   0.0903359
2.30287  0.0388742  0.558726   0.0183248
5.13443  0.715731  0.174342   0.0550289
1.28467  4.24618  0.098446   0.122258
2.0773  0.0382717  1.07967   0.0457455
2.55241  0.027521  0.454442   0.0183146
3.03886  0.00162547  1.42307   4.49825
0.926767  1.82709  0.0189427   0.0262994
3.18122  0.0341791  0.290396   0.237243
3.19082  0.0044327  1.16406   1.11413
3.58251  0.00591626  1.09875   0.0878158
4.85104  2.3212  1.02165   0.1461
6.04124  0.01947  0.495853   0.0340645
2.61548  0.00551319  1.16032   0.111444
3.71104  0.265467  0.0492952   0.0208033
2.01246  0.0698221  1.00292   0.0351654
2.71927  0.0444801  1.08659   0.102549
3.88996  0.0211527  0.716025   0.0134216
3.38427  0.0202592  0.4795   0.0343048
3.80146  0.0155345  0.770531   0.0153236
3.93675  0.0198743  0.813697   0.0153917
3.04356  0.0188412  0.498484   0.0877178
3.66129  0.0176936  0.610275   0.0157019
2.54704  0.00367811  1.32796   0.300991
5.30707  0.0208072  1.12725   0.0507952
1.67908  7.17057  0.839508   0.38784
3.69035  0.0101346  0.900065   0.0281772
3.31512  0.0101123  0.8633   0.081862
2.96406  0.0365676  0.276445   0.0542239
3.68014  0.00516564  1.18942   0.119701
3.19595  0.0152611  0.590144   0.152464
4.3245  0.144896  0.84677   0.0310403
3.8643  0.0172552  1.12409   0.0636297
3.39346  0.00947694  0.840252   0.0503831
2.37398  0.0265724  0.630225   0.0177074
3.46754  0.00952315  0.850208   0.0397875
3.17004  0.0017219  1.40852   13.3841
2.90568  0.00751406  0.950357   0.0908117
2.67822  0.0114222  0.800501   0.0305554
3.44562  0.00612189  1.0712   0.110675
3.40239  0.03111  0.328107   0.035565
2.00241  0.13029  0.734114   0.0326482
3.1791  0.00983651  0.804213   0.317627
3.54695  0.00837546  0.932824   0.0440047
3.65891  0.00643112  1.0946   0.0736333
3.34715  0.017384  0.540642   0.039343
3.34228  0.00336441  1.27965   0.566101
3.37156  0.0042547  1.18622   0.269337
2.14154  0.0467728  0.814452   0.0231992
2.77637  0.00422354  1.21734   0.21404
2.73965  0.00464946  1.1873   0.164391
4.12835  0.0661328  0.610148   0.0206143
0.173135  0.0193978  0.490779   0.0506638
2.76493  0.0202548  1.20121   0.189769
3.41389  0.00600907  1.05635   0.115079
2.71765  0.005329  1.13501   0.118601
5.38526  0.0346709  0.722221   0.0149801
4.10183  0.0236316  1.04259   0.0332911
3.95625  0.0452364  0.459464   0.0169701
2.74935  0.010281  0.828507   0.0378931
2.93845  0.0100013  0.806392   0.0638884
3.20043  0.00248465  1.33443   2.98725
2.27403  0.0212396  0.905062   0.0272216
2.38677  0.0350875  0.489878   0.0175792
3.6326  0.0302103  0.379168   0.0194391
3.52456  0.00509976  1.14302   0.127402
4.01103  0.0239508  0.849802   0.0165907
2.28468  0.0127121  1.18696   0.0869555
1.41831  4.15664  0.60038   0.297903
3.93876  0.010949  1.09687   0.0503345
3.59654  0.00502615  1.16669   0.122979
0.834162  0.0149209  1.01303   0.0399515
0.797684  0.0288831  0.633065   0.017861
0.175932  0.0166634  0.556733   0.0497969
3.48766  0.00963408  0.931752   0.0520098
2.84696  0.00787008  0.937809   0.0704671
2.94457  0.00235474  1.45824   4.08474
3.44533  0.00580986  1.07775   0.114379
3.9903  0.0291871  0.71236   0.0140875
3.79896  0.547486  0.0274058   0.0198504
2.27952  0.313481  0.0842646   0.0229231
3.95887  0.0112112  1.11015   0.0529122
3.15505  0.00806307  0.902218   1.24574
2.40383  0.0288931  0.55445   0.0173335
3.38239  0.00299044  1.30007   0.551512
2.42843  0.00819271  1.17939   0.095734
3.23374  0.0139816  0.632604   0.0910407
2.5459  0.0203496  0.588121   0.0184437
2.93685  0.0090364  1.1205   0.219551
3.7271  0.00674356  1.12491   0.0768546
2.88011  0.0108476  0.779538   0.0472177
2.95072  0.0111167  0.752216   0.0586859
3.17498  0.00507767  1.10974   1.23635
3.34354  0.00259559  1.33251   0.858381
3.20527  0.00435613  1.1693   0.886018
3.40904  0.00408738  1.2806   0.429009
3.29863  0.00674415  0.99299   0.150678
3.06149  0.0097917  0.8078   0.155994
2.51535  0.0204289  0.608063   0.0182227
2.76224  0.00320508  1.29375   0.344938
3.47699  0.00807339  1.31418   0.446296
2.52123  0.0046496  1.25491   0.168454
3.06241  0.0239742  0.403617   0.112562
2.73882  0.412077  0.0273552   0.0267605
3.62127  0.00528408  1.16614   0.116541
3.52713  0.00549791  1.12324   0.113816
3.30884  0.0189934  0.499137   0.04935
3.4258  0.00661587  1.01595   0.0912351
2.3054  0.0133184  1.06794   0.0498048
2.93214  0.00448954  1.1656   0.27099
3.23214  0.00732808  0.950058   0.220027
2.97315  0.0117448  0.722726   0.0617999
2.72777  0.012284  0.748295   0.0294695
1.30933  0.899014  0.551303   0.107644
3.43128  0.0175044  0.548339   0.0277122
5.63304  0.0307773  0.448533   0.0158159
5.1063  0.0872338  1.06151   0.0349538
5.2896  0.040032  0.874719   0.0185213
5.46325  0.0319213  0.619781   0.0144062
3.72026  0.0175611  0.646557   0.0144905
3.75462  0.016897  0.689219   0.0142261
2.97544  0.00757176  0.939355   0.121384
4.20295  0.0451714  0.999366   0.0267798
3.38297  0.00452845  1.17779   0.244425
3.53851  0.0057134  1.11288   0.104745
3.69966  0.0287918  0.421602   0.0172225
1.23418  0.155507  1.02183   0.0409215
1.16011  0.137493  0.784404   0.0335601
3.905  0.0109542  1.05154   0.0413976
2.98364  0.010174  0.794043   0.078078
1.35779  0.597395  1.04658   0.0661975
3.14161  0.00552026  1.07499   1616.1
5.92173  0.0105794  0.805915   0.0306246
3.50117  0.00727184  0.98786   0.0632587
2.93623  0.0104378  0.808659   0.0641024
3.29635  0.0101687  0.796619   0.0728617
3.44656  0.0143352  0.643557   0.0265346
2.66037  0.00794537  0.985037   0.0546324
2.80727  0.00655942  1.36095   0.689795
3.56412  0.00635559  1.0641   0.0769447
3.40182  0.0079068  0.929434   0.0685626
1.11077  0.0869486  0.836994   0.0280409
1.9417  0.194446  0.769306   0.0404242
3.08817  0.00501708  1.11461   0.798668
3.58983  0.0184552  0.56222   0.018092
4.92264  0.922128  0.861748   0.0977717
2.04788  0.100229  0.709739   0.0285235
2.94913  0.00467246  1.26832   0.552095
3.83219  0.0129838  0.903686   0.0230514
3.98865  0.0530681  0.440902   0.0181297
1.22769  0.310303  0.657647   0.0546535
4.21526  0.0395685  1.0896   0.0395051
3.30729  0.0043912  1.17007   0.340813
3.16938  6.26243  1.36534   45.7879
1.45454  18.154  0.341477   0.669008
2.93496  0.00894249  0.862532   0.0749194
5.64781  0.0115403  0.896401   0.0240688
3.51837  0.550894  1.23766   0.486734
3.30132  0.00462819  1.15181   0.319621
3.0289  0.00844623  0.8827   0.143122
3.05584  0.0247983  0.391747   0.10468
0.933101  0.0178298  1.10674   0.055044
3.17488  0.00157915  1.41849   13.0104
2.10243  0.123199  0.463588   0.0298229
1.36268  1.95478  0.515983   0.177309
3.76015  0.0154008  0.739326   0.0150803
3.45226  0.0525199  0.202373   0.0323192
3.05049  0.012449  0.688781   0.104357
2.65194  0.157506  1.37596   0.564141
2.20417  0.0436249  0.694484   0.0203394
3.406  0.0072527  0.970913   0.0803737
0.846987  0.0443151  0.514238   0.0187726
1.30321  1.15375  0.419844   0.117899
4.77186  31.3228  0.996869   0.850515
1.87276  0.499829  0.61805   0.0741358
2.82286  0.00713999  0.988039   0.0796753
4.11301  0.0374291  0.85192   0.017494
0.29588  0.271169  0.0394966   0.0353418
4.05126  0.0205858  1.00066   0.0283231
1.8268  0.353763  1.03042   0.0527625
3.30618  0.00808345  0.907963   0.10093
3.77569  0.0101846  0.960384   0.0317943
3.3554  0.00477697  1.20691   0.327637
2.85384  0.00719981  0.979619   0.0846466
3.72728  0.00710135  1.19516   0.114693
3.4945  0.0306129  0.344269   0.0264067
3.0699  0.00581175  1.06052   0.460189
2.93611  0.00975096  0.819314   0.065664
2.22501  0.0230983  0.962514   0.0317131
1.31572  1.84188  0.313078   0.140827
3.81738  0.0209763  0.637972   0.0134375
2.94606  0.0238134  0.412204   0.0463399
1.88913  0.297826  0.792437   0.0513491
3.56652  0.00920989  0.946793   0.0447316
3.35177  0.00911265  0.8538   0.0638912
3.68042  0.0060515  1.2362   0.1605
2.9715  0.00977411  0.814535   0.0772462
3.07223  0.0126238  0.68108   0.134401
2.55576  0.0581496  0.226213   0.0198121
3.79249  0.476726  0.0311008   0.0198751
2.56603  0.0352831  0.358019   0.0190656
1.85302  0.20272  1.13683   0.0580665
3.25799  0.0022954  1.35625   1.84691
3.00714  0.013538  0.650436   0.0681607
3.17255  0.0126844  0.677789   0.28979
2.90688  0.00439714  1.36328   0.994081
3.96037  0.0115395  1.10325   0.0509273
3.18814  0.00202868  1.45153   15.2697
3.43781  0.00795846  0.942537   0.0633948
3.61401  0.00830484  0.959469   0.0422704
2.79999  0.0123999  1.22884   0.244799
3.80943  0.00892986  1.04388   0.0448795
3.63183  0.0100252  0.876451   0.0287089
3.69733  0.0178443  0.914667   0.0317521
3.12762  0.00382491  1.21227   5.20859
3.08146  0.412375  0.0247897   0.169788
5.52434  0.0119811  1.00623   0.0333885
4.12347  0.0412199  0.830241   0.0173352
4.09548  0.0804501  0.453981   0.0225158
4.42552  0.256778  1.0178   0.0414139
5.05814  0.767241  0.296062   0.0771878
0.111173  0.0207681  0.45926   0.0785563
3.42241  0.0132459  0.678213   0.0299391
3.03929  0.0117631  0.718303   0.0984565
3.62554  0.0185932  0.571744   0.0168544
2.74181  0.0125381  0.731971   0.0292442
2.90961  0.00376951  1.22679   0.350005
3.33796  0.00208635  1.38543   1.48352
2.51517  0.143742  0.0986135   0.0199207
2.11831  0.0424303  0.924722   0.0280177
2.29796  0.0441082  0.511045   0.0187227
3.60282  0.0091194  0.910678   0.0351153
3.80657  0.0117321  1.13281   0.0715646
5.98023  0.0201144  0.490594   0.0273383
3.48621  0.00354354  1.26295   0.294754
4.51745  2.21882  0.547409   0.194704
1.11207  0.17161  0.515668   0.0371724
0.0397593  0.89725  0.0113835   0.256768
2.46448  0.0182864  0.706081   0.0194891
5.64641  0.0162028  0.728926   0.0145167
2.6852  0.0253971  0.431558   0.021614
2.99899  0.00251302  1.33786   1.28006
2.86861  0.00239037  1.3647   0.870201
2.20075  0.0839939  0.414073   0.0234794
4.86346  5.20749  0.512125   0.338621
5.12983  0.085604  0.990012   0.0279331
3.31284  0.00701588  0.975706   0.128003
1.02592  0.0747017  0.65272   0.0244842
4.96162  1.19748  0.490877   0.126715
2.82984  0.0106465  0.791715   0.0416261
3.37982  0.00347531  1.38515   1.22218
4.18786  0.0897916  0.620685   0.0246566
1.41179  1.86678  0.930828   0.145182
1.92444  0.16032  0.937236   0.0372178
3.3794  0.00454516  1.32513   0.685092
3.74167  0.00522696  1.20648   0.120233
1.75599  3.30476  0.446037   0.241038
5.51483  0.053955  0.345544   0.017924
2.38568  0.017462  0.821357   0.0231849
2.37444  0.0191527  0.790942   0.0215427
2.19678  0.0180939  1.1502   0.0672093
1.28186  0.46176  0.72242   0.0691973
3.17746  0.0168399  0.54516   0.231153
2.69244  0.00363733  1.27892   0.264481
4.55172  2.83094  0.709296   0.226774
2.34589  0.0497326  0.400652   0.0187157
2.50134  0.0115601  1.02376   0.0506136
3.28068  0.0164125  0.560783   0.0584014
3.17761  0.00289062  1.29549   3.54758
2.87858  0.00652035  1.02095   0.109122
3.17223  0.00528193  1.09359   1.24396
0.625757  0.0204588  0.606937   0.0182147
3.86432  0.0131274  0.920061   0.0236508
3.61513  0.0110888  0.818961   0.0240723
3.17303  0.00702672  0.968141   0.689692
3.74227  0.0083176  1.02989   0.0462789
3.24983  0.0040839  1.19774   0.612838
3.19718  0.00223748  1.35878   3.96073
3.1545  0.0113936  0.730531   0.76802
2.89674  0.0110313  0.762786   0.0479183
3.20119  0.006842  0.981059   0.38226
2.40675  0.0159996  0.838851   0.024572
3.04121  0.00989072  0.803837   0.12386
4.08262  0.0241875  0.991143   0.0266375
2.92007  0.00460706  1.16139   0.250907
2.19817  0.934255  0.0399689   0.0273565
0.0293413  0.0268119  0.363867   0.308687
2.11746  0.0206913  1.22   0.0933939
2.84887  0.00608691  1.09299   0.136237
3.48132  0.0149079  0.631734   0.0235763
4.48079  0.917116  0.717731   0.107226
4.06804  0.0919585  0.359529   0.0228682
2.03178  0.0918167  0.806615   0.0281216
3.16948  0.0136302  0.642935   0.309012
2.41131  0.00512613  1.28775   0.184949
4.2192  0.0549865  0.954918   0.0236054
3.53892  0.00681423  1.02647   0.0682781
2.70693  0.00399578  1.24574   0.217491
5.98296  0.0154857  0.606082   0.0265448
2.98096  0.00403077  1.3699   1.54285
6.09635  0.0114761  0.735948   0.0509141
2.83797  0.00885491  0.897322   0.0593208
3.34762  0.00403441  1.20504   0.336117
3.69872  0.0319885  0.383277   0.0178347
1.9562  0.137103  0.883889   0.0340927
2.81819  0.009383  0.857176   0.0489235
3.05559  0.0138187  0.637936   0.10341
6.14917  0.0100076  0.799814   0.085322
3.46092  0.00591201  1.08207   0.111142
3.10774  0.0627014  0.161451   0.294002
2.39668  0.0114206  1.01228   0.0430001
2.90014  0.00508074  1.12144   0.187781
3.92212  0.0191609  0.810027   0.0153477
2.56989  0.00910094  0.965988   0.0440624
3.10841  0.0132449  0.656806   0.268649
3.53457  0.00480062  1.18732   0.15971
1.88386  0.341407  0.749893   0.056722
2.99643  0.00593977  1.05229   0.221499
2.81644  0.0105928  0.79759   0.0407749
1.9566  2.92669  0.0568736   0.0675861
1.74259  2.1344  0.748975   0.185126
3.85699  0.0184835  0.741943   0.0138968
1.8202  1.45799  0.412875   0.136624
3.19742  0.00354845  1.2381   1.52806
5.23797  0.100543  0.565453   0.02639
5.15481  0.671099  0.160818   0.0503933
0.985154  0.0634603  0.625726   0.0225616
2.84688  0.0191296  1.34403   0.664229
4.00304  0.0282299  0.752229   0.0143311
3.00951  0.00992323  0.803928   0.0951673
5.43763  0.026262  0.758888   0.0142146
0.616335  0.0224391  0.557628   0.0179496
2.72435  221.993  1.09514   203.873
2.99633  0.00227091  1.37301   1.75965
2.89924  0.0220064  0.446412   0.0373209
4.25764  0.046594  1.13745   0.0497506
3.0572  0.0116572  0.720915   0.11911
3.6993  0.00877497  1.01017   0.0452884
3.31935  0.21617  1.30587   0.837284
3.23098  0.00440294  1.22459   0.874647
3.0327  0.0105838  0.770255   0.104367
2.44102  0.0200791  0.684384   0.0187045
3.37164  0.0156764  0.590123   0.0348373
2.98036  0.0710072  1.08623   0.294795
2.55777  0.00791267  1.04982   0.0605302
1.79043  2.78992  0.325365   0.188712
3.32134  0.0116698  0.726931   0.0520021
3.43799  0.00632731  1.04239   0.0988632
2.37584  0.0487007  1.17034   0.0881494
2.41126  0.00800892  1.14319   0.0778194
2.98357  0.00986231  0.809004   0.0814584
3.50368  0.00475138  1.22949   0.22431
3.78272  0.0172068  0.703221   0.0140108
3.25125  0.145368  1.31873   1.43771
1.24403  0.435028  0.569698   0.0675017
2.84867  0.00576994  1.09232   0.135695
2.15418  0.108699  0.403387   0.0266592
1.31883  0.378499  1.02205   0.0540576
3.7255  0.0131352  0.79386   0.0180503
5.82301  0.0141648  0.691655   0.0182604
2.34603  0.0355091  0.535227   0.0177748
3.38897  0.00289068  1.36895   0.991304
6.2776  0.0104749  0.772415   1.96817
2.54754  0.00733604  1.24493   0.163811
3.7097  0.015473  0.703214   0.0153039
2.91107  0.00850506  0.900943   0.0773286
2.33487  0.0207579  0.810161   0.0220541
2.64401  0.0409708  0.287384   0.0213491
2.03192  0.116906  0.68603   0.0307888
4.95236  0.831121  0.712865   0.100684
3.92294  0.0463129  0.410705   0.0171428
3.03691  0.00896029  0.853085   0.138823
2.52117  0.016675  0.701392   0.0202027
3.29726  0.00728505  0.96982   0.137692
3.37191  0.00790814  1.15099   0.220688
6.07346  0.0193032  0.49601   0.0393236
2.22492  0.0829893  0.379493   0.0227362
3.62687  0.00813799  0.974056   0.0439158
3.49208  0.00715913  0.993196   0.0665023
4.19943  0.0598548  0.854614   0.020206
3.22483  0.00232069  1.34991   2.43048
1.89832  0.148768  1.07741   0.0464234
2.89865  0.00845667  0.894581   0.0719301
0.700376  0.0255232  0.570431   0.0173713
3.07752  0.00497176  1.11833   0.679316
3.47418  0.00276424  1.33535   0.539083
2.38559  0.0119298  1.00484   0.0413454
3.17488  0.0100414  0.793822   0.347461
3.49606  0.00527173  1.26853   0.298369
3.83317  0.0116944  0.94175   0.0269919
3.07395  0.00157038  1.42315   6.83105
6.2293  0.0100012  0.79627   0.214863
3.5917  0.0129601  0.731825   0.0199537
1.10741  0.0644775  0.970867   0.0321831
2.20956  0.0661941  0.491651   0.0218688
2.76663  0.0128357  0.712985   0.0296882
5.40701  0.0421871  0.585342   0.0162805
3.16562  0.00641735  1.00963   1.07792
4.25185  0.210204  0.428742   0.0394676
5.10123  0.10567  0.99457   0.0296144
1.98279  0.0518301  1.20686   0.081203
3.66576  0.023754  0.482102   0.016946
2.41366  0.00863032  1.1144   0.0678303
4.11465  0.0216962  1.10472   0.0451016
2.95046  0.00939083  0.836533   0.0740678
1.89668  0.58307  0.449053   0.0773375
2.81466  0.00568569  1.08836   0.120153
3.53324  0.00756976  0.976681   0.0551679
3.04888  0.0114376  0.730725   0.110988
3.19445  0.00505023  1.11197   0.788528
2.87349  0.00559431  1.08718   0.143997
3.26188  0.00470301  1.14412   0.407733
2.23519  0.0448113  0.615079   0.0196193
4.13773  0.055525  0.718539   0.0185652
3.69469  0.00859834  0.981436   0.0398973
2.59002  0.00636216  1.22843   0.157448
3.13886  0.0212618  0.447542   3.15441
3.80833  0.0105299  0.96752   0.0313168
3.1149  0.0106007  0.766621   0.40997
2.11378  0.0693368  0.694237   0.0239941
5.16153  0.125068  0.693108   0.0298631
3.04233  0.00376124  1.32975   1.70833
4.00386  0.0189964  0.948829   0.0233792
0.85802  0.0379001  0.602644   0.0185368
2.50351  0.0150173  0.767927   0.0224678
2.9282  0.00936711  0.947206   0.0993539
3.61281  0.0038011  1.28601   0.258263
6.1603  0.0141755  0.627666   0.067498
3.03435  0.00549509  1.0795   0.337812
3.53899  0.00497455  1.16891   0.141971
2.84757  0.0126922  0.700844   0.0357315
3.28651  0.00897612  0.854851   0.0943568
2.96246  91.1855  1.42197   73.89
3.15274  0.00354847  1.23623   7.57229
1.99883  0.139192  0.714197   0.0338299
3.00186  0.0256134  0.382636   0.0650603
3.75293  0.0168811  0.68838   0.0142421
3.90134  0.00830955  1.15818   0.0733228
3.19764  0.0125838  1.00258   0.454434
5.48706  0.0425175  0.460508   0.016577
5.00841  0.436473  0.713407   0.0659862
4.00906  0.0142553  1.20227   0.0857476
1.90559  3.19918  0.0806365   0.0894528
3.88713  0.0123294  0.976973   0.0295836
3.42399  0.00589206  1.06767   0.117148
3.57639  0.0131962  0.717385   0.0201082
3.58213  0.0091641  0.900527   0.0352993
3.54038  1.87201  0.877881   2.18377
3.70273  0.0147391  0.7214   0.0158398
3.95916  0.0335901  0.592217   0.0147596
3.14167  0.0137263  0.639362   111.529
2.01422  0.172264  0.560404   0.0378128
2.78833  0.00598931  1.07316   0.104272
1.93658  0.0885495  1.14758   0.059325
2.41114  0.0175121  0.788309   0.0218654
3.03266  0.00434779  1.17076   0.529329
2.62215  0.00610218  1.11389   0.0892577
3.45197  0.00519521  1.12379   0.141484
3.57103  0.00552892  1.12196   0.101706
1.99785  0.174813  0.607467   0.0384744
1.74576  4.60396  0.387148   0.284591
4.05476  0.0594536  0.501513   0.0193572
2.67943  0.00893926  0.920642   0.0445125
2.7396  0.0138617  0.69528   0.0274182
3.13754  0.00378064  1.21604   18.3658
3.74218  0.0328974  0.393705   0.017041
2.71843  0.00417687  1.23249   0.204892
2.65831  0.00493738  1.18209   0.13507
2.44732  0.0135848  0.983013   0.0407098
3.85676  0.0195027  0.715019   0.0134953
5.0079  0.481519  0.667805   0.0713217
3.2389  0.00207718  1.39646   3.38269
1.11485  0.178392  0.507202   0.0379124
2.91689  0.010641  0.777966   0.0538367
3.8819  0.0225082  0.674841   0.0132607
1.22422  0.240883  0.7673   0.0457222
3.35209  0.0142627  0.632296   0.0387655
0.152176  0.00923742  0.841108   0.0931927
2.84131  0.00901785  0.948391   0.0724244
4.29656  0.124827  0.813361   0.02877
0.0692355  0.0187539  0.499406   0.123409
3.75871  0.0216697  0.574041   0.0143099
0.367052  0.0167107  0.584389   0.0259437
2.88192  0.0088112  0.876729   0.0636028
4.45499  0.957942  0.544414   0.11172
2.07777  0.069108  0.801108   0.0253114
2.82437  0.0234128  0.432361   0.0292956
3.01152  0.00879136  0.864009   0.116801
0.783763  0.469772  0.0432127   0.0207523
2.00228  0.133422  0.722789   0.0330625
3.76773  0.00549584  1.20555   0.115045
1.38688  1.97283  0.685648   0.180187
4.31585  0.223668  0.600018   0.0436586
3.99633  0.0124585  1.12048   0.0539711
2.34598  0.0103059  1.14884   0.0750795
3.23691  0.00279062  1.30687   1.46443
3.65481  0.00742456  1.029   0.0536182
4.15753  0.0275448  1.09928   0.0426691
2.99  0.0070959  1.30607   0.923801
4.05048  0.0218682  0.975106   0.0253454
2.8852  0.0112105  0.75633   0.0452587
3.13149  0.0157722  0.574357   0.830702
0.727857  0.0271575  0.571258   0.0173422
2.47152  0.0297808  0.476607   0.017503
4.11982  0.0391885  0.84612   0.0175032
2.10087  0.0803364  0.658461   0.0253722
3.89356  0.0122753  0.986703   0.0307105
3.78303  0.0206775  0.61434   0.0137658
2.99587  0.0211445  0.453979   0.0604806
4.35117  0.270883  0.646369   0.0492502
4.02001  0.0184282  0.993165   0.0280153
2.87796  0.0040405  1.20747   0.275057
3.77085  0.0482981  1.20105   0.113586
2.89251  0.00318858  1.27897   0.462878
2.36568  0.0101586  1.18518   0.0925863
4.09299  0.0388854  0.784214   0.0162056
3.54537  0.0471363  1.22654   0.201078
3.02285  0.00569541  1.12742   0.386516
0.364301  0.0118591  0.749565   0.0327986
3.81338  0.0191432  0.678397   0.0134737
3.18572  0.0151777  0.592447   0.18842
3.37248  0.00925801  0.852998   0.0578058
3.51727  0.00579783  1.09022   0.0984462
3.6311  0.0108599  1.35223   0.435931
4.03697  0.0351474  0.710227   0.0149993
1.40458  1.73359  0.901744   0.142999
3.92013  0.0746415  0.261814   0.0191616
5.78723  0.0148976  0.681816   0.0168065
2.28901  0.0160573  1.01953   0.0404251
2.33916  0.0195002  0.834582   0.0233355
4.83613  5.83238  0.741861   0.361375
4.21701  0.0953015  0.677123   0.0253758
3.59274  0.0135075  0.711672   0.0191781
5.01235  0.304932  0.871728   0.0477479
2.93002  0.0286464  0.349795   0.044217
3.75271  0.670757  0.0206929   0.0202209
2.24917  0.0140859  1.13002   0.0631403
2.70079  0.00893255  0.91312   0.0451184
3.58052  0.0117166  0.778236   0.0229448
3.75541  0.00724737  1.17321   0.0964611
1.33419  0.883969  0.703706   0.105795
4.28345  0.145087  0.69048   0.0327769
3.48876  0.00488213  1.2284   0.232069
2.65205  0.00922779  0.916178   0.0417743
3.39216  0.0113934  0.928919   0.0727915
2.91421  0.00465301  1.15355   0.23462
3.73525  0.0280813  0.448993   0.0162718
3.15318  0.0182572  0.509772   0.723578
0.0639367  0.0461719  0.217983   0.152735
2.65238  0.0105052  1.01593   0.0612554
2.81495  0.0104745  0.804465   0.0414026
3.70214  0.0107397  0.884697   0.0259447
2.24957  0.0148106  1.12197   0.0607971
3.1204  0.0145777  0.610917   0.402684
3.45249  0.00892498  0.879331   0.0466447
2.35256  0.0388543  0.488266   0.0179339
2.97178  0.00269953  1.32017   0.925504
2.17618  0.0930933  0.419509   0.0248458
5.1371  0.241258  0.473516   0.0442939
4.24022  0.242997  0.35078   0.0401284
5.0639  0.267134  0.694217   0.0482954
5.67078  0.0249009  0.509414   0.0151611
3.88145  0.0223392  0.678128   0.013263
0.346564  0.00776249  0.953903   0.0646194
3.45686  0.00457296  1.21861   0.239663
3.84854  0.00539823  1.27238   0.161995
4.46168  0.920169  0.599298   0.109764
3.29926  0.0200717  0.475606   0.0530487
5.99283  0.0100384  0.817062   0.0400602
3.78422  0.0733592  1.07512   0.0679339
2.30632  0.32551  1.18669   0.135191
3.73691  0.00790813  1.04341   0.0498337
0.920516  0.0416829  0.679354   0.0198767
6.03154  0.0295835  0.342892   0.0364523
1.72267  2.95224  0.773115   0.226285
2.8584  0.00617768  1.09137   0.139492
4.21111  0.0414926  1.05893   0.0341971
4.98668  0.729421  0.579508   0.0940468
3.1317  0.00809451  0.900304   1.69257
1.75114  1.59021  0.822438   0.145466
2.46505  0.0111793  0.94828   0.036332
2.48022  0.0130154  0.86494   0.0281911
2.92828  0.00520876  1.10877   0.198725
2.82457  0.00646414  1.03197   0.0960798
3.30159  0.0051975  1.1058   0.250782
3.27637  0.010222  0.791662   0.08287
2.98661  0.00658135  1.0069   0.17048
3.07821  0.00667484  1.02482   0.443047
3.15593  0.00764316  0.932729   1.31554
2.78717  0.0159766  1.22336   0.228764
4.13703  0.100472  0.448736   0.0255013
2.39587  0.0258346  0.615356   0.0175605
3.50365  0.0100743  0.830476   0.033192
3.19758  0.00934913  0.829993   0.22953
3.53036  0.00844509  0.925685   0.0445807
2.82056  0.569862  1.15422   0.656321
3.3826  0.00665911  1.01667   0.10827
3.18551  0.0183697  0.507542   0.190075
2.84902  0.00402259  1.42697   1.69126
3.31068  0.00720967  0.962771   0.12273
4.45963  1.20297  0.471373   0.125715
4.30015  0.0745276  1.06831   0.0355719
3.40396  0.0586344  0.178772   0.0383078
3.16379  0.00597095  1.05553   1.43441
1.75547  4.76588  0.322743   0.267835
1.09526  0.0808657  0.821775   0.027068
3.5142  0.00390064  1.24262   0.237765
1.01383  0.126871  0.398406   0.0289247
4.25147  0.203396  0.440341   0.0389771
3.44867  0.0103441  0.805343   0.0363451
1.80528  0.677635  0.849807   0.082187
2.55016  0.00913965  1.19994   0.125229
2.69882  0.00815786  0.966673   0.0546818
4.08516  0.0486436  0.655278   0.0173656
3.83128  0.0172605  1.13578   0.0706458
2.52824  0.011797  0.868341   0.0299885
3.73839  0.00826085  1.0269   0.0458939
3.15892  0.00734798  0.946879   1.15065
3.63038  0.0181264  0.585327   0.01662
2.22582  0.0183535  1.06285   0.0460057
1.97762  0.18461  0.653333   0.0398264
2.4943  0.0039244  1.31466   0.250852
2.9758  0.00678255  0.990851   0.149351
1.29913  0.52962  0.74823   0.0747382
2.13886  0.024333  1.12354   0.0570277
2.43656  0.00902223  1.29706   0.203862
2.97366  0.0056795  1.06931   0.207731
2.71058  0.00842692  0.938633   0.0503834
5.57332  0.0291558  0.520885   0.0146849
3.33386  0.0303629  1.31356   0.768687
4.28187  0.0504823  1.16807   0.0584028
1.11962  0.112677  0.737771   0.0303208
4.03856  0.0283716  0.820295   0.0157255
3.28547  0.00370975  1.2943   0.879955
3.55165  0.022601  0.464542   0.0209568
3.28635  0.00346696  1.32417   1.11227
3.34382  0.00996859  0.807934   0.0569633
2.12414  0.0470491  0.858436   0.0247661
2.1552  0.0752484  0.550127   0.0238227
3.93967  0.0108935  1.10728   0.0531415
1.24226  0.23692  0.857901   0.0440365
3.19708  0.0109701  0.750117   0.18425
1.73826  1.72346  0.893569   0.143693
3.73597  0.0113302  0.874399   0.0234827
2.82659  0.00639619  1.03606   0.0983641
3.00069  0.0249141  0.392381   0.0642253
2.72549  0.0118847  0.763346   0.0303372
3.19952  0.00377881  1.27317   1.86954
2.90647  0.0333377  0.305457   0.0407971
2.75362  0.883115  1.1401   0.830305
5.26693  0.0545843  0.781105   0.0185821
0.705363  0.0222607  0.639533   0.017899
4.34567  0.407626  0.446271   0.0609772
3.65809  0.0120484  0.797241   0.020537
3.23997  0.00425233  1.17826   0.602332
4.14993  0.188326  0.268547   0.0305352
4.84743  4.55482  0.733759   0.307813
3.72299  0.0101438  0.933062   0.0306628
2.64975  0.0190792  0.563183   0.0204862
2.9262  0.0178171  1.18216   0.290311
2.86765  0.00659825  1.01565   0.102701
3.66349  0.0238371  0.479702   0.017033
2.72611  0.0205875  0.504388   0.0229954
2.01355  0.0801375  0.935106   0.0307576
2.99156  0.0144777  0.619639   0.0596496
3.32685  0.00547346  1.08665   0.196624
3.6549  0.0163728  0.645102   0.0159315
2.23332  0.0197551  1.01655   0.038494
2.79739  0.0123285  0.725979   0.0327243
4.11947  0.0267399  1.02669   0.030596
2.90642  0.00662313  1.01366   0.117603
1.93329  0.199976  0.790829   0.0408659
2.39404  0.0168812  0.827165   0.0236387
3.33628  0.0100227  0.80439   0.0586246
3.02263  0.00835118  0.888562   0.138677
2.9231  0.00717885  0.969702   0.105297
4.1565  0.097396  0.504028   0.0255913
4.04067  0.0192758  1.01008   0.0297945
3.28227  0.00757453  0.937194   0.13325
2.54913  0.00402629  1.30372   0.248233
2.56371  0.0142666  0.748175   0.0229391
3.19367  0.00377175  1.2235   1.49266
3.35767  0.00725782  0.96437   0.0961194
5.92252  0.00992248  0.837694   0.0341842
2.8978  0.0147724  1.06647   0.145072
3.20797  0.00327652  1.26367   1.52574
4.99959  0.47336  0.719252   0.0694176
3.07865  0.00793665  0.910927   0.280319
4.9121  5.69654  0.217156   0.242611
6.05513  0.0961366  0.108713   0.0448181
3.05314  0.00798229  0.912604   0.202074
2.32365  0.0112213  1.11085   0.0612187
3.06067  0.0173214  0.533904   0.105257
3.49337  0.00632172  1.21073   0.204982
2.10155  0.0422056  0.972426   0.0317145
0.842553  0.0324162  0.649894   0.0183713
2.76706  0.00829733  0.939292   0.0571234
1.10304  0.0500447  1.07053   0.0436637
2.78632  0.00511576  1.13588   0.140122
3.3624  0.00494301  1.13049   0.206014
2.90752  0.00982634  0.819143   0.0582014
0.649787  0.0244986  0.543501   0.0175645
3.08589  0.00443676  1.18824   1.13655
3.56707  0.0133155  0.710623   0.020337
3.75075  0.00642849  1.13657   0.0789363
3.22478  0.00594748  1.04531   0.362543
3.7398  0.0435071  0.303349   0.018345
3.91009  0.0364524  0.489737   0.015652
3.5134  0.0154732  0.62153   0.0214369
2.93116  0.00899046  1.13674   0.232038
4.04625  0.0226131  0.948069   0.0227148
1.95087  0.221791  0.666788   0.0444174
3.35821  0.00322281  1.2753   0.508381
3.14435  0.00551392  1.07578   12.7304
2.65485  0.00925612  0.913511   0.0415861
2.03947  0.0693974  0.919257   0.0291747
3.14671  0.00664775  0.993483   4.73558
3.29101  0.0081215  0.905202   0.110302
3.77985  0.0148784  1.14002   0.0774045
2.59829  0.0210797  0.54194   0.0190842
2.15563  0.0816743  0.513377   0.0244698
1.23453  0.478836  0.48941   0.0698137
3.58548  0.00663479  1.0516   0.0689468
4.42453  0.824918  0.462874   0.0975942
2.48407  0.0423882  0.340381   0.0183469
2.37417  0.0121078  1.01249   0.042143
4.54844  2.72744  0.697479   0.222154
0.0767782  0.0116915  0.719144   0.130107
3.10548  0.0103132  0.78051   0.315415
3.13865  0.00252321  1.32844   56.7318
3.74812  0.0105135  0.919365   0.0276976
3.14292  0.0107035  0.761621   8.07072
4.53744  1.16788  1.01438   0.0953244
5.07116  19.9433  0.010466   0.0783732
3.77578  0.00771676  1.08327   0.0573534
2.19344  0.0261232  0.971006   0.0321602
4.06764  0.0466576  0.636731   0.0170214
4.30283  0.250249  0.505174   0.0460133
5.07877  0.090192  1.13872   0.0491224
2.27274  0.0134137  1.11339   0.0594199
6.09314  0.0138264  0.644919   0.0435191
1.9327  0.181749  0.84105   0.0385103
2.36546  0.0185581  0.834078   0.0237336
1.02833  0.0749266  0.657837   0.0245529
2.44967  0.0281557  0.518841   0.0173371
3.11152  0.0104191  0.775305   0.372739
3.0768  0.0125268  0.684711   0.144446
3.13788  0.0100127  0.794971   3.16155
3.39214  0.00485447  1.14065   0.191613
2.45448  0.0153198  0.809637   0.0237214
3.50848  0.0107147  0.807655   0.0303977
0.762317  0.0201887  0.757632   0.0202717
3.29018  0.00528289  1.09784   0.259622
5.52771  0.0167386  0.841836   0.0170469
3.66836  0.0109997  0.848098   0.0239379
3.84608  0.00716851  1.16195   0.0799262
2.69815  0.00777435  1.21572   0.177184
2.97618  0.00428807  1.20642   0.430264
4.00933  0.0637868  0.401184   0.0195073
5.5686  0.0335533  0.466844   0.015545
2.27856  0.0369105  0.624008   0.0186085
3.0557  0.00741842  0.94405   0.234552
4.25277  0.0689861  0.95107   0.0243941
4.25153  0.434308  0.217272   0.0455295
0.634865  0.0344536  0.396425   0.0181089
5.08416  0.489338  0.364913   0.063653
2.71697  0.00297226  1.32908   0.411689
3.17793  0.222158  1.17676   2.70577
2.94465  0.00437921  1.1731   0.299758
4.1089  0.0295422  0.956788   0.0229624
4.08214  0.0496918  0.638282   0.0175819
2.57216  0.0101483  0.955054   0.042562
2.73682  0.0128081  0.722473   0.0283982
5.39931  0.0276881  0.805684   0.0152787
4.03212  0.0249493  0.995412   0.0286491
3.12949  0.00934753  0.829395   1.08085
5.25366  0.0545629  0.818346   0.018925
3.72605  0.0202597  0.583051   0.0146226
3.02655  0.00243322  1.34345   1.66549
3.90176  0.0103454  1.07196   0.0460516
3.60382  0.00736902  1.01198   0.054856
5.19928  0.0854981  0.757361   0.0234414
2.98881  0.0474367  1.13472   0.334397
3.3736  0.00777813  0.934619   0.0788645
5.03792  0.198736  0.956768   0.036159
2.9989  0.00342545  1.25043   0.656059
4.54823  3.56959  0.567769   0.268087
3.76313  0.323456  0.0435935   0.0200748
4.32945  0.140585  0.881376   0.0303184
2.20496  0.0240031  0.985341   0.0338954
2.85322  0.00462457  1.16931   0.203267
5.71999  0.0147274  0.722977   0.015829
4.34015  0.397848  0.437766   0.059663
2.10295  0.101804  0.542758   0.0278078
3.45096  0.0106409  0.791542   0.0345476
5.19846  0.150749  0.494363   0.0332744
3.50237  0.00489218  1.15503   0.144326
3.32686  0.00341422  1.39259   1.70381
4.39725  0.263486  0.868839   0.0437393
2.08939  0.0376531  1.05555   0.0417585
2.90269  0.00462445  1.15707   0.227918
2.31262  0.143259  0.162511   0.0214303
2.61883  0.00556735  1.15056   0.106516
3.55327  0.00594268  1.09819   0.093664
2.55062  0.00715359  1.08427   0.0696969
3.23734  0.0127827  0.67605   0.0916272
3.15467  0.131481  0.0774762   0.775939
4.9116  3.22859  0.373814   0.221596
3.59508  0.0129542  0.733301   0.0198617
5.45296  0.0567835  0.393742   0.0184687
3.48747  0.00600443  1.06935   0.0963524
3.68259  0.0143649  0.722403   0.0163894
1.9837  0.0687967  1.09933   0.0485115
3.20663  0.00812128  0.899712   0.25241
5.68615  0.0107717  0.900824   0.0260139
3.34861  0.00873611  0.874139   0.0699278
3.11073  0.00303189  1.28257   3.76668
2.94304  0.00686871  0.98842   0.124374
1.76528  2.65588  0.47393   0.212544
2.41684  0.0244739  0.615982   0.0175791
3.01683  0.00475199  1.13825   0.389104
3.79403  0.015865  0.807422   0.0176467
2.46033  0.0403391  0.371668   0.0180632
2.99706  0.0270994  1.18535   0.439316
3.88627  0.0476226  1.27095   0.154159
2.62653  0.00919823  1.01931   0.0592809
3.45975  0.00609069  1.0578   0.0990574
2.44708  0.0145044  0.839571   0.0254157
3.62258  0.00619161  1.10246   0.0822587
3.21581  0.00412302  1.27932   1.52518
2.63267  0.0198607  0.971505   0.0517039
3.13867  0.0266005  0.366365   3.08539
3.10332  0.00941599  0.826095   0.340796
3.51892  0.00760878  0.97067   0.0557928
5.74287  0.0624574  0.199814   0.0205175
2.16125  0.0395805  0.846525   0.0237618
3.31799  0.0499699  0.204665   0.055809
4.0984  0.0274435  0.967288   0.023968
5.59437  0.072606  0.216532   0.0187963
3.63999  0.00932949  0.91754   0.0334077
0.904178  0.0402502  0.6619   0.0194656
3.0769  0.27896  1.13538   1.80281
2.6055  0.0830629  1.24281   0.181721
1.6364  30.2161  0.873414   0.977455
3.06548  0.0119819  0.706981   0.128194
4.26692  0.0773698  0.942791   0.0247034
3.18098  0.00192753  1.39279   8.0042
1.02258  0.065319  0.709162   0.0235514
2.76184  0.00949252  0.864569   0.0435374
5.21241  0.0421092  1.05594   0.0337267
4.20363  0.0950432  0.638509   0.0254778
2.08327  0.117342  0.531411   0.0299645
4.05467  0.0317465  0.798405   0.0155095
3.06126  0.00540238  1.08536   0.461942
3.17042  0.00995668  0.798256   0.407157
3.46253  0.0204207  0.487288   0.0259023
2.46284  0.0141634  0.83537   0.0254867
3.33324  0.00378502  1.2272   0.41452
3.21299  0.00350588  1.24085   1.2158
2.01053  0.0755013  0.973267   0.0328889
4.37732  0.133  1.09462   0.041128
2.50946  0.00508623  1.23164   0.14289
3.03998  0.0110682  1.15172   0.512707
3.20643  0.014253  1.03528   0.453683
3.39562  0.00605421  1.30039   0.524512
2.91291  0.00840195  0.895999   0.0764693
2.22037  0.0945454  0.343043   0.023454
3.79838  0.0105733  0.959182   0.0305898
4.98209  0.650637  0.65786   0.0870485
3.49356  0.00477787  1.16861   0.159606
3.65061  0.00856677  0.960695   0.0394374
3.94617  0.0320855  0.593833   0.014515
2.52129  0.0063673  1.15144   0.0924919
5.2406  0.141187  0.418687   0.0306511
2.79837  0.0116871  0.752034   0.034695
3.15661  0.0178273  1.13038   3.09075
3.34779  0.0143414  0.62912   0.0395253
0.715469  0.0311675  0.497991   0.0173742
3.9124  0.0199081  0.777374   0.0143908
1.28716  1.20217  0.344065   0.111411
3.98474  0.0149382  1.02946   0.0342338
3.84722  0.0118007  0.952436   0.0277926
5.71256  0.310067  0.0422771   0.0207968
3.25688  0.00295815  1.29321   1.08865
3.14906  0.0082911  0.888579   2.13851
1.03299  0.458588  0.128905   0.0351314
3.37356  0.00342772  1.2772   0.481651
3.48264  0.00290205  1.3147   0.440987
2.79082  0.00548274  1.10753   0.12326
0.843198  0.541593  0.0455646   0.0223291
2.50307  0.0241537  0.541029   0.0176559
3.2331  0.00891937  0.854679   0.15126
3.02797  0.0132612  0.65912   0.0808784
3.38871  0.00511042  1.159   0.214765
1.21759  0.150313  0.969472   0.0375188
2.575  0.0116323  0.842791   0.0294513
2.91382  0.00539806  1.09605   0.175454
2.97933  0.0080417  0.910105   0.111247
3.61719  0.00438187  1.22919   0.17227
2.81682  0.185657  0.989372   0.264868
3.65363  0.00451627  1.24087   0.173565
2.4892  0.0102258  0.968776   0.0401802
2.67339  0.00659817  1.06158   0.0768323
3.08912  0.0159117  0.570955   0.161544
3.25624  0.00700868  0.972201   0.189813
5.05942  0.330229  0.611174   0.056141
3.52211  0.015004  0.638344   0.0210754
4.17081  0.201763  0.28075   0.0324613
3.00135  0.00627902  1.02377   0.201913
3.44957  0.00635631  1.04238   0.0951066
3.55353  0.006343  1.06291   0.0784436
3.18381  0.00624384  1.0253   0.65575
2.85156  0.0076926  0.947438   0.0741332
2.33496  0.0164061  0.933101   0.0307646
5.64911  0.0156959  0.742482   0.0148904
1.18714  0.324328  0.481684   0.0542155
2.9327  0.0072988  0.972326   0.111091
3.28493  0.00727888  0.956314   0.141428
2.8743  0.00998907  0.816033   0.0511162
2.08082  0.0437126  1.01262   0.035804
2.64104  0.0108623  0.841059   0.0322133
4.08585  0.203533  0.182232   0.0265098
2.08462  0.0474975  0.963938   0.0310505
2.78118  0.0662722  0.164724   0.0288611
2.77993  0.0205419  0.492522   0.0257944
2.6725  0.0143391  1.02804   0.0673083
3.3708  0.0105195  0.786093   0.0467563
4.10525  0.0518025  0.671428   0.017927
3.5603  0.0234232  0.452587   0.0207817
3.69657  0.00365196  1.30408   0.25538
5.16951  0.114666  0.708906   0.0281978
3.31107  0.00270689  1.31836   0.905382
3.36922  0.0157532  0.587559   0.0352109
2.92765  0.0228953  0.428401   0.0422458
0.304489  0.0106148  0.791764   0.0425021
3.09296  0.0126626  0.67927   0.18985
2.00346  0.0761189  0.99279   0.0344841
2.90559  0.0036888  1.23423   0.360685
3.90647  0.0137295  0.99163   0.031079
3.28251  0.0129733  0.671534   0.0610967
5.09029  0.691199  0.251616   0.0662502
6.10961  0.368962  0.0280898   0.0592155
1.19298  0.211783  0.698434   0.0430477
3.35748  0.00832811  0.898482   0.0734739
5.04782  0.12709  1.11156   0.0438107
3.23506  0.00701615  0.971031   0.23242
3.81216  0.0153828  0.785835   0.0157176
3.97097  0.0385649  0.547683   0.0157346
1.97745  0.105352  0.930797   0.0324732
2.86678  0.00991084  0.821792   0.0507178
2.10438  0.0706622  0.711354   0.024336
3.11401  0.00741856  1.13179   1.68538
1.10104  0.373827  0.237132   0.0435934
4.48101  2.16971  0.35448   0.166423
5.55603  0.0164791  0.813322   0.0160229
2.0388  0.0529581  1.04566   0.0398763
2.74318  0.019214  0.529697   0.0238287
3.07461  0.00685478  0.980415   0.346903
2.52318  0.0409283  0.33046   0.0186967
3.11113  0.00240249  1.34794   6.5288
3.45619  0.00758774  1.23459   0.26607
2.5666  0.012086  0.839622   0.0289311
1.29806  1.0143  0.446669   0.110717
6.15985  0.0145301  0.615993   0.0667903
3.14218  0.00217442  1.36089   385.904
3.54616  0.00287366  1.3288   0.421497
3.00576  0.00497739  1.12189   0.329213
2.61118  0.00808857  0.998919   0.0531569
0.756502  0.229238  0.0818049   0.020218
4.45377  1.31498  0.410064   0.127205
3.20181  0.0052699  1.09492   0.635428
4.25829  0.0520956  1.09213   0.0394877
2.88493  0.00400894  1.22499   0.313856
3.83138  0.185351  0.0861348   0.0196601
3.0497  0.00598966  1.05591   0.352616
3.14034  0.00408076  1.19044   50.7874
3.12938  0.002185  1.35995   18.2547
2.44695  0.01125  1.21472   0.119425
3.19086  0.00665052  0.993897   0.489171
3.06257  0.00612197  1.0735   0.444079
4.16053  0.0304438  1.06471   0.0358281
3.12862  0.00235606  1.34401   14.7802
3.0073  0.0107245  0.765252   0.0843178
5.58511  0.166417  0.0975898   0.0196318
5.53958  0.0353153  0.475016   0.0156172
2.95344  0.00334512  1.27132   0.576469
3.18309  0.404407  0.0252539   0.245892
0.165149  0.00134072  1.53793   57.4297
0.165149  0.000620978  1.53793   57.4297
