2.8183  0.649815
-1.80312  -3.20501
-0.127718  -4.10189
-1.16558  -0.721944
-1.95724  4.75478
-2.50217  3.62915
-1.55634  -0.310598
-1.87078  5.18261
-1.0881  -0.477665
-1.53244  -0.122824
-0.0732047  1.00763
-2.95247  -24.256
-1.27697  5.86009
-1.38239  -1.10056
-1.43048  0.650664
-1.98407  -3.13412
-0.0245532  -1.20357
-1.70946  1.05839
-1.97357  9.35996
-0.670221  1.15459
-0.995207  4.48419
-1.11187  -4.74247
-1.69707  -1.01998
1.14766  -7.89876
1.88018  -0.602114
2.59901  1.73157
0.73836  0.299491
-1.58016  0.903387
-2.12408  0.453269
-0.504824  -8.82815
1.1694  0.521509
-0.966907  -1.21681
-0.487143  0.304538
-0.245657  1.28674
-1.69916  7.98374
-1.50881  -0.842877
2.54814  0.924398
-2.48637  0.211271
-0.906142  4.13974
1.30577  -0.257136
2.42535  -0.688949
1.47798  -0.26498
-2.23545  2.02795
2.97127  1.02945
-1.29672  0.749822
1.75926  -0.565783
-2.36447  -4.62294
-1.26515  8.7665
0.811794  0.378586
1.47253  0.63029
-2.67968  0.600142
-2.70405  -1.33309
-1.67004  -16.5176
-0.899252  6.93717
-2.56078  2.37637
2.13176  -0.668543
-0.695836  -1.18548
0.821721  0.434927
0.797983  0.79284
-1.42802  -2.68138
-2.23844  15.1249
1.27249  -4.77414
0.701968  -0.0947681
2.0166  4.23979
2.434  1.51831
-1.89283  -1.7277
2.05434  -0.0826139
-1.01771  -2.48228
0.918677  0.227893
-0.474938  1.81847
1.3444  -0.366421
0.811245  0.824262
-0.433913  -4.90908
0.278824  -0.643601
-2.29326  -3.04042
-1.13993  -13.2297
-0.249867  1.4776
-1.41469  3.3905
-1.1778  3.23416
-1.44639  -1.35347
-2.58178  0.942122
-2.87204  -1.20005
-0.91302  -0.0413769
2.44678  0.780956
1.16428  -0.0596682
-1.31825  -1.44548
-1.704  2.97566
-0.77884  0.758082
-1.15939  -3.25423
0.0605974  0.0726594
-1.47453  -6.22371
-0.868744  -0.597756
-1.36072  0.749878
-0.0646934  -0.15963
2.23296  0.9933
-1.88442  17.533
1.11029  1.4242
-0.564531  -0.20033
-0.0734433  -7.08875
0.282848  -6.46894
-0.0210666  -0.717717
-0.424212  -9.46733
-2.23412  13.6776
0.88803  -0.253075
0.323106  -10.1918
-1.25062  -4.56119
1.6152  -2.91376
-0.656693  -2.88459
1.1737  0.261634
-1.29823  16.5444
-1.43593  -5.90947
0.720339  0.273017
-2.54287  2.40787
2.43461  -5.13114
-0.221773  0.850141
-1.85156  0.46303
-0.781699  -0.046974
0.665035  0.310759
0.539702  0.593842
0.924673  0.352859
-2.32407  2.56322
-0.986471  0.582012
-1.66805  -2.73699
-1.17461  -0.0870627
0.807513  -1.89519
-2.73927  -0.460936
-2.0352  -1.71416
0.859152  -0.681867
-0.0439115  1.31883
0.6006  -0.255585
-1.99727  -5.02679
0.652465  0.963131
-2.70101  3.80245
1.86183  -0.181495
-2.94449  -0.235227
-2.81618  1.65273
-1.83388  -0.421341
-2.49593  -6.72696
0.18962  -0.72764
-1.57481  4.14948
-1.97128  5.21729
-1.52909  3.5992
-0.0552008  0.249199
-1.80625  4.5182
-0.809597  -2.90636
0.232048  6.01124
-1.39208  -3.2996
-1.43118  -0.518011
1.19863  -1.53296
-1.57307  0.259384
1.56692  0.529787
1.63412  5.92332
1.35555  -0.491984
-0.937607  0.336084
-1.83909  1.43282
-0.0705886  1.09599
-1.37164  0.570277
-0.238642  0.440254
0.717982  -0.96171
-0.645008  -2.41264
-1.82348  2.75683
-0.883077  -4.38863
-0.28174  -2.50715
-1.95766  -8.16765
-2.38285  -4.14401
2.9662  -0.299936
1.61674  -0.420578
2.17877  0.813922
1.23658  -3.25038
-0.157101  0.905706
1.14253  -0.331931
0.898583  2.33402
-1.69479  8.38554
1.57431  1.12794
-2.39217  -2.42562
-0.683737  0.12797
-1.99261  0.771381
-2.74872  -2.92804
-0.0421184  -2.03245
-1.22145  11.485
0.767726  0.338215
-1.97848  -1.40809
-1.7158  -0.352433
-2.48916  5.305
-0.865004  -1.93059
-0.24208  13.1782
-1.05085  -2.33055
-0.243804  -1.569
-2.55548  -1.15295
-2.33344  -5.32843
-1.00383  -0.295119
-0.947877  0.321895
-2.85462  3.78613
-2.31498  1.26408
-1.94851  -10.8673
1.36467  7.17736
0.863583  3.08767
-0.107067  -2.1682
-1.05934  3.25441
-1.12501  1.25229
1.89634  -0.833015
-0.954284  -1.8219
-0.334967  18.4989
0.339272  -1.60124
-1.53286  8.60185
-0.972058  -0.555931
-2.89553  -6.10456
0.801115  0.825326
0.797924  -1.2097
-1.76168  4.6464
2.48737  1.58499
0.512828  1.93292
-0.702136  7.08499
-1.84746  12.1982
1.23289  1.6578
0.681717  -4.03282
-1.9931  21.1292
-1.16957  -3.10849
-2.81789  -2.49264
-1.79279  0.84632
1.83109  -1.12639
-1.73323  -0.340345
1.44442  -0.383898
-2.90695  27.5198
1.23242  -0.42902
-0.197724  1.25146
-0.208199  -0.119636
0.734734  -1.73277
-2.93376  -6.66678
0.953126  0.0316998
-1.15346  11.1208
2.416  0.278819
-0.16766  1.34694
1.64807  -0.572704
1.41244  0.897128
-1.6413  0.460738
-2.38461  -5.04307
-2.52948  21.7138
0.745616  -0.515714
-1.89141  -1.25575
1.35324  -3.63686
0.970038  4.42055
-1.08543  -1.17299
-1.22869  -0.381229
-0.362222  0.201315
-2.61845  2.07855
1.88674  -2.45685
2.45578  0.00354288
-2.69128  3.22549
0.410586  2.56353
-2.40668  -1.38147
1.60459  -0.873158
-1.80454  -2.91623
-0.95791  3.92539
1.04519  3.08975
1.33326  0.485678
0.852421  0.0944502
1.27706  0.955002
-1.3072  0.711953
-1.81482  -5.38082
2.81588  -0.0547937
0.457976  -0.893407
1.81156  0.773806
1.92809  2.58011
-0.129462  -0.5507
-0.27524  0.281197
-1.21846  0.171544
1.74101  6.81558
-1.8496  1.00457
-2.93562  -2.00986
-1.25061  -14.2725
-2.6714  -8.00654
-2.13037  -1.30335
-1.27585  -5.3257
-0.431133  -6.73602
-2.36618  -3.54159
2.31057  0.539372
-0.860782  0.415087
-1.98346  -3.0911
-1.93945  -3.13006
-1.25961  -2.92304
-2.34728  6.31905
-1.2246  -0.0454194
1.07167  1.07471
-2.38716  2.66657
2.10205  0.373097
-1.87129  0.62388
2.44178  -2.062
-1.42008  1.59116
-0.29516  0.0045602
0.0158225  -5.42211
-1.54639  0.182104
0.32474  -0.19571
-1.45814  0.779828
-0.118073  3.33247
-2.15566  -10.8155
2.71693  -1.01597
0.569576  -4.45226
-0.230348  3.3955
-2.17272  -7.04602
0.345427  -9.67157
0.495931  -4.36945
-2.00754  0.785464
-2.8171  -5.59968
-0.821608  -2.25109
-1.48795  -0.74465
-2.55874  2.30524
-1.13085  -0.143544
-0.363432  1.36158
-0.770199  -1.06875
-2.62228  -1.43529
1.41848  0.34038
-0.158875  -0.538466
-0.824012  -5.89089
2.75323  -0.734853
-0.0890933  17.6018
-2.83287  3.81611
0.228834  0.483589
1.14169  -0.537916
-2.78879  -2.08046
1.13916  -1.74299
-0.0302129  2.18735
-1.45342  0.101931
0.0371721  -11.1717
0.481082  -2.01516
-0.315848  0.436089
-1.61479  -1.97421
2.3685  -0.287785
-1.66055  -3.21456
0.00153121  -2.36098
-1.81239  -1.51034
-2.42104  1.05454
-1.84516  0.79579
0.791008  -3.12463
-2.76657  6.27323
1.8632  -0.464173
-0.276154  -1.24424
-1.84377  10.7863
-2.13275  -6.94792
-1.0803  1.4132
1.26548  -0.610858
-0.837422  -7.39794
2.80727  -0.209978
-0.385931  -1.5128
2.23247  1.06471
-1.37551  0.672807
-1.26191  -1.16616
-1.50261  4.52833
0.365858  -3.04561
-0.463194  0.116925
2.7427  -0.401562
-0.148781  24.5588
0.453015  3.65255
-1.45573  0.510923
1.06944  -1.05806
1.7318  1.81083
-1.82382  -4.95569
2.22009  -1.79813
0.650094  0.885565
-0.645599  -0.919688
-0.516375  2.22986
0.802969  2.96249
1.31665  0.00467864
-2.74508  -7.62782
1.57544  0.800693
0.616148  -0.415912
0.858288  0.987572
0.798754  1.69371
0.870704  0.309176
2.96703  -0.991684
-1.15891  -0.0734285
2.53921  0.931516
-1.28432  7.51807
-1.66841  -8.60463
2.8944  1.08356
-1.38201  0.397095
-1.41152  -20.3397
-1.54579  7.15116
-0.625414  3.22751
1.67748  -0.49193
1.32025  0.22214
2.84807  -1.48667
-2.67728  -2.41653
0.0116514  0.295249
-1.06801  -0.821695
2.74222  0.0783162
1.05008  2.80387
-0.933721  -0.550495
-2.85045  -9.46771
2.13202  0.881797
-0.45374  2.18761
1.72492  -1.95851
1.05446  2.42353
-0.874802  -1.84243
-0.241793  -0.165136
-1.0619  -0.349518
0.613091  -2.23889
-1.31175  -6.78036
-1.07865  -4.01323
-2.80939  0.897761
-2.74463  9.32619
-0.235644  -0.311739
-2.88221  3.20631
-2.35692  3.79668
-0.303875  0.635418
-1.55076  -6.71454
-1.46751  12.7274
-0.95385  -0.200957
0.417361  6.65984
-1.70683  2.84859
-1.78619  -1.08173
-1.67662  1.4066
-2.52299  -10.1507
-1.67086  -0.306857
-2.32422  4.9668
-2.73009  23.5286
-2.39863  0.0329303
1.73457  0.533078
-1.00244  16.4289
-2.37036  12.7158
0.638653  11.5524
-0.0552574  1.64836
0.234846  -0.0570344
-0.105292  -0.114019
1.49063  -1.11523
-2.34731  -0.410735
-1.22604  -0.396025
-1.99919  5.20055
-1.63309  0.131001
-2.17907  5.24594
-0.815589  -5.36157
-1.82788  0.556441
-2.18606  3.89896
0.223957  0.774197
0.367705  -0.64892
-2.30318  -2.08621
-2.42614  0.0335051
0.0680041  4.02147
0.134407  -8.74472
-1.93797  -2.64845
0.315906  -1.05061
1.01925  -10.0631
1.529  0.390656
0.546475  -5.10336
-2.74742  1.10382
-2.05331  -0.0682916
-1.14267  -1.48714
-2.90331  16.3844
0.592835  -0.573157
0.975476  -1.02296
2.28173  -1.36501
-2.69389  1.27278
-2.41173  3.29813
-2.40247  1.9835
-1.08502  0.0266918
-0.87702  0.971377
-1.25662  -2.05342
-2.99339  -12.3065
2.51196  -0.945792
-1.18041  -0.936933
2.17157  -0.553555
1.3459  0.128158
0.445915  7.20142
2.4472  -0.752658
-1.80896  -2.72401
-1.84939  3.52736
2.65877  -0.148933
1.56796  1.30475
2.83547  -1.58828
0.658673  0.0671579
1.19769  -0.940292
0.906607  -0.24312
-1.92002  -0.715566
0.751383  -4.38594
-2.80805  -9.08851
-1.47366  0.721135
-2.94522  -7.30196
0.671955  -0.280109
-2.55191  6.36658
0.0790832  0.56916
2.10845  1.40507
2.8833  -1.40197
-0.00945904  0.151056
-1.70879  -1.3383
0.123822  1.59451
0.161651  -6.51694
-0.969428  2.70837
1.33337  -3.53176
1.05917  -5.47436
1.25866  -0.796089
-1.86312  -2.30645
-2.15086  0.595037
1.22561  4.61951
-0.0485409  1.16941
2.31284  -0.776757
-1.69893  1.94524
0.0285742  -4.95317
-2.61779  5.61133
-1.52014  19.7032
0.182618  -3.6394
-0.240084  1.74627
1.92562  -4.79127
-1.45052  -8.81951
1.50621  -1.05768
1.08818  -5.79316
0.515194  -4.80674
0.431424  1.71264
2.57696  1.96218
1.08104  3.68034
2.94646  5.93214
1.67815  0.941202
2.01464  13.6933
-0.166095  1.69006
1.05189  -0.905901
-0.283016  0.385746
-0.0790517  0.137526
0.145855  -0.0054693
2.16448  25.3309
-2.17131  2.23867
1.40162  -2.38289
1.34805  1.39218
0.520528  -0.548309
2.41405  -3.1073
1.06845  -0.30255
2.67925  -5.37236
-0.463279  2.96748
1.53157  -2.13912
-0.199171  7.64258
0.137927  -9.27352
-2.96553  0.0298002
1.59469  6.64436
2.81521  0.996411
0.594613  -1.99064
0.317302  -3.03798
-1.12412  -2.82675
-2.83015  -2.6101
-0.04601  -4.2471
1.36994  3.98694
0.802975  2.83484
-1.61234  -0.0666511
-2.9784  0.682521
1.24387  -6.91832
2.40951  -0.331786
1.35984  -14.2386
0.124262  0.088989
-1.03824  6.16446
1.20523  -2.36731
2.44734  -7.86295
0.837357  -0.791915
2.18077  -2.91705
0.180975  1.35966
1.99205  -1.83662
1.20889  -15.7915
2.45626  -1.84068
2.21455  0.682233
-0.684783  0.987214
0.231703  0.514057
0.805493  -6.1348
2.23868  -0.424825
0.3503  6.37177
0.916733  0.751546
-1.71656  -2.19373
2.33269  3.898
-0.0203619  3.16556
-0.556475  -10.9196
0.355859  -2.09931
1.88683  4.2401
0.102719  -1.12673
-0.253109  0.0627888
0.960635  0.83314
2.65175  7.11784
-2.91525  -1.66605
1.91822  -1.7194
1.63193  -7.21671
2.2454  -4.721
-2.01373  0.0557999
-2.57043  -3.15454
1.85415  2.13562
-1.42818  -1.40011
2.54947  -0.903183
1.29132  -4.48192
1.59769  2.71487
2.35354  -2.14707
1.42258  10.8451
-0.785459  -3.24269
0.0183874  6.02735
2.51066  -2.79554
2.98717  2.98781
0.0740499  4.00365
2.75066  6.14591
2.8475  2.06308
2.43642  -1.12363
-1.55681  -0.935499
0.220471  1.61605
0.143981  0.393629
-1.49525  -1.96545
-1.10514  -2.22755
2.04446  0.851925
0.625493  -2.31828
2.79806  2.52216
-0.651592  -1.46659
-1.15025  4.77645
2.05446  6.31045
0.34169  0.480765
-2.35695  1.60333
-0.975812  1.71124
0.708635  1.48213
1.2771  7.48692
1.34101  1.09473
0.265602  4.12482
1.06889  0.355158
-1.37015  0.757441
0.383452  1.36101
0.23973  -4.63848
1.69651  2.87794
1.15716  -5.40335
2.25572  1.38779
0.761148  0.304528
1.4089  5.10784
1.543  14.7509
2.543  2.24152
1.22375  -1.45893
-0.626749  3.10609
-0.444061  -0.664623
-0.596637  -3.33473
2.70269  -9.95574
1.07464  -0.331262
2.74511  8.69649
1.17083  11.1217
2.12176  -0.1336
1.18905  -0.528419
2.16291  -1.18609
1.50762  1.62787
-2.43433  -0.726217
1.94598  1.73571
-0.490526  -3.34449
2.63325  0.301685
-2.51341  0.735799
1.62252  -2.21296
1.76947  -2.59105
0.919101  1.613
-1.46038  0.483888
-2.90568  1.31967
-0.15169  -2.53878
-2.47297  0.410276
1.85966  1.13491
0.529851  0.0111746
-0.261783  -2.65133
0.033713  -4.89313
1.87855  -4.65442
-0.670682  1.66469
0.706932  1.46958
0.280288  0.923918
1.54629  -4.06663
1.80825  -1.36567
1.11959  0.45277
1.51265  -6.40281
-2.12371  -0.691531
-0.209315  -0.566614
-2.48379  -1.00378
2.11749  0.105608
0.499928  -1.55634
0.216339  1.73916
-0.637694  -0.504599
2.76374  -2.83031
-0.245078  -3.01444
-2.08037  -1.42475
-2.72161  -0.197752
1.05868  -1.12979
2.37136  4.6189
2.49611  -1.78465
-2.22378  0.478818
-2.56066  -0.932027
-1.12794  -3.82271
0.52487  -3.40895
1.90553  -1.65297
1.59757  -1.79463
-0.210816  -1.17549
-1.82982  -1.13757
-2.69042  -0.37199
0.66456  0.807411
1.28696  3.68547
1.17411  -2.45451
-0.0610909  11.7103
-1.65905  -1.51616
-0.0618792  0.0464022
1.58851  -0.269598
-1.67775  -1.24611
-1.9175  -1.0875
-2.36216  -0.252688
2.21235  -3.20275
-0.103233  3.72724
1.48005  -5.51901
-1.51338  -1.08119
1.72077  -0.227789
-0.828428  -5.27278
-1.31491  -4.27558
-2.1127  -2.00473
-0.0649373  2.2053
-2.31912  0.889162
2.82457  -2.04393
2.28511  -3.95712
-2.11604  -0.184551
0.554642  14.1094
-1.7086  -1.0546
-2.03417  0.0204909
1.4846  1.75497
1.06735  0.514743
0.828309  -8.33604
-1.15381  2.69925
0.904415  0.721635
-1.15673  0.0130232
0.614029  -0.954361
2.02524  0.386499
-1.81977  2.92613
-2.46735  4.76211
0.814529  2.00066
2.058  0.645548
2.93776  -7.50938
1.35039  -3.34006
1.11445  -1.76711
-0.529086  3.6943
2.1934  2.64305
1.45928  -8.07246
0.540078  0.584743
-0.0929194  -3.87157
1.69562  -4.82879
-2.12496  0.140976
2.3073  1.08717
1.72261  -2.04161
2.77478  -2.53946
-0.0205311  3.52047
0.808812  -2.60892
0.421477  -5.83814
2.45667  -1.32198
2.83204  -0.584353
-0.848977  -0.659456
0.37432  1.6328
1.02863  2.42266
-1.53495  2.5984
1.39081  -19.416
1.42075  2.77963
2.80831  -0.0865931
0.784522  4.34424
2.25947  -1.93457
2.50899  1.13214
-1.02631  -0.483321
1.46066  6.04522
2.69574  -1.3333
-0.666307  -0.925518
2.83726  4.3535
1.82424  -0.549124
0.528033  -0.943107
-0.280352  -0.89647
-2.07363  -3.04807
0.380344  -0.238101
2.3408  -4.63484
-2.55811  0.720009
-0.463311  -4.07605
1.02997  10.4484
-0.156004  -2.59815
1.31868  -0.366142
-0.0708881  2.51037
-1.36624  -2.39059
1.5385  0.111234
-1.69827  2.88357
-0.120095  1.32201
-0.238777  0.129916
1.35506  -5.20938
1.06846  0.745737
-2.74737  -0.432312
1.63864  -0.525619
1.70487  1.11523
1.72347  -0.207036
0.46193  -0.469984
2.35002  23.1595
2.3629  1.42995
-2.40267  2.52811
-2.23088  1.28132
-1.46592  -0.732273
1.872  -4.20101
-0.0992448  0.1229
0.0155019  1.77837
-1.6071  2.47968
1.25632  6.40751
2.49881  0.472664
0.600142  -5.3972
2.24576  -0.161281
-2.74917  -3.33311
0.728159  -0.931614
-1.80452  1.93758
-0.204629  0.328957
-0.931232  -0.0643705
1.03614  5.67998
1.00406  1.6828
1.61509  0.724583
1.95318  0.752385
0.715175  -2.42328
2.22546  4.98603
2.01649  -2.57144
1.10496  -4.14592
-2.00821  1.49097
1.71043  4.63103
2.80323  2.29961
0.797907  6.0689
1.99256  1.02055
2.57874  0.970757
-2.25373  -1.87369
0.124044  -0.558784
2.2813  -2.55484
2.0712  1.97297
2.1564  -3.51227
0.471159  2.34648
0.255339  -3.3918
1.83313  1.01884
-2.68948  0.735216
-0.120518  -2.11716
-1.00425  -7.85736
0.789081  0.608568
1.83044  -0.350123
-1.93082  0.542341
1.99376  1.13881
0.506736  1.23789
-2.88008  4.53048
-2.08363  0.120983
2.77161  -3.09599
-2.0087  1.64715
1.98846  7.19682
1.41604  16.6539
1.01853  0.730976
1.56172  4.11431
2.49307  -0.0578603
-0.680692  8.26804
2.29569  1.23402
0.511131  11.2526
1.82101  -10.9713
1.0509  -2.16695
0.581601  1.55158
1.60538  0.112761
2.78251  6.59268
0.904353  -0.496805
2.93539  1.48294
0.96399  -0.323544
-0.21118  0.365139
1.84182  0.907135
0.241016  0.0924837
-1.36829  0.484701
1.72962  1.82061
0.194132  -17.7285
-2.6843  -0.0581036
2.34912  -1.79331
2.14917  -2.08553
-0.194427  -7.63163
2.17891  -0.119191
-2.49423  0.699052
-2.4232  -0.265746
0.811112  2.7902
1.51508  2.17101
1.15135  26.9539
2.21423  5.4882
-2.32696  -2.45427
1.62232  -6.48167
1.63232  -6.75308
1.50786  -2.81894
-1.82978  0.910012
0.996272  -1.24638
2.64416  -0.919148
-0.841129  -2.93308
2.99996  10.8542
-1.79741  1.56979
-2.26572  0.0280953
-1.85255  2.89743
1.12476  -2.06531
1.40012  4.30907
2.70062  -4.61973
0.637787  2.96062
2.65187  0.633061
-1.43563  -1.07573
2.78195  4.35192
2.01156  -5.59019
-0.731538  -2.30285
-1.48526  2.47923
-0.461261  2.83177
2.3314  -5.96167
2.56726  0.684155
1.2039  0.0824138
1.05687  1.84322
1.00566  -7.93405
-0.494214  -5.77253
1.92108  -0.557701
-0.503449  0.12795
1.40032  3.65714
1.77982  -0.210168
2.69096  -3.08806
-0.894431  2.1431
0.662043  3.59503
0.0728547  -3.6853
-1.6206  -1.73325
-0.60599  1.0903
1.27124  0.441254
0.457017  2.75646
1.63273  -1.06776
-0.985307  2.01523
2.31847  7.49547
2.61703  -8.43107
2.3725  -1.8987
-1.15823  -1.32527
-1.10367  0.981558
0.312322  -0.403626
1.77538  -25.5977
-2.18993  2.67002
1.99924  2.45626
1.28845  -1.82229
0.409478  0.692888
2.07982  -0.188631
2.82807  -2.16354
1.79302  3.34016
2.86106  1.30996
2.7074  -5.72416
-0.741358  0.742918
-1.32904  0.848752
-1.89309  -2.24055
1.69529  -2.88453
-0.961454  -0.485875
-1.94718  -0.514393
0.734717  -5.5079
-0.439514  1.59223
1.13209  -7.91634
1.79609  3.68663
1.5838  6.91407
-1.93251  1.65223
-0.305744  -0.466834
2.22798  3.75641
-0.488169  1.24404
1.77976  7.64036
1.77814  -0.31997
2.40189  -0.885202
1.54599  -4.76289
1.91162  5.19701
-0.944842  -0.21895
0.993991  -1.49194
1.67844  6.18717
-1.91175  -1.60587
0.339283  3.81589
1.37293  1.87626
-0.420357  -1.19051
0.427096  0.555703
2.58758  0.944152
-0.752892  -3.98518
1.09847  -0.24604
-1.31214  4.32509
1.65271  -6.81172
1.9527  6.24065
-1.99062  0.976393
2.1162  6.3525
-0.153352  3.41762
1.63449  0.415136
0.186033  0.428305
1.80984  2.53402
0.920242  0.735042
0.528528  1.40603
-0.827906  1.26172
0.730915  -10.3384
0.594218  -2.2536
2.80726  -5.40216
1.10572  -8.88262
2.27465  -4.65979
2.62493  1.40184
-2.86098  0.562287
-0.0345079  -0.681997
1.44348  -3.48244
-2.54776  0.105911
2.06309  -0.851044
2.77014  0.613263
-2.71191  0.980146
-1.16923  1.05367
0.553306  2.22582
0.65934  0.816092
0.859076  -3.51011
-2.10717  -0.367062
-2.04533  -1.47764
-0.379211  0.418233
-1.85103  0.422938
1.73141  1.1929
1.3822  0.91593
1.66046  0.69842
-0.241284  -0.90304
0.784727  0.445196
2.66872  6.40025
0.869448  0.737049
0.25155  0.31371
0.961355  -8.95437
2.13289  0.978635
1.12575  -6.47489
1.79963  3.98699
1.16664  0.569653
2.50135  0.328949
0.602189  -0.639761
0.880625  1.37549
1.42568  -2.62936
-0.360306  0.347258
2.67049  3.90156
1.73354  4.69713
1.55408  8.20924
0.930318  -2.80871
2.66742  -2.11718
-1.70434  0.438025
-0.282439  14.1727
-1.34965  -0.376061
1.25841  2.41797
2.63727  3.54938
2.43871  -7.09391
-2.52127  -0.226434
-0.39227  1.5839
2.42346  -12.6346
2.00195  -11.3848
-2.61994  0.379876
1.64703  4.93937
-1.23782  1.33508
1.60804  4.90429
-2.01047  -2.17776
-2.25578  -0.815089
-1.26869  3.06912
-2.83848  0.339665
1.66253  9.79505
0.157595  -0.1674
2.20181  -20.5781
-0.806295  0.0549794
-1.33518  -0.0687125
1.54974  2.25113
0.762521  -3.84996
-0.0157314  -1.87941
0.267919  -5.4984
2.57494  1.42013
0.783253  1.95339
-2.54027  -1.62381
-2.66206  -0.858868
0.824078  -4.23223
-0.139062  -0.053487
-0.220219  -2.30424
2.95055  -8.40845
-0.759297  5.56903
0.593091  7.62163
0.279934  4.94415
0.432068  12.6282
0.585205  8.03101
-2.14286  -0.871681
1.63706  12.7246
-0.145371  -11.8336
0.0821913  3.44356
-0.219804  3.8924
-2.01685  0.696663
-1.36911  -1.54687
1.65767  -10.7704
0.354371  1.17472
-0.652426  1.78616
2.11513  2.22026
0.260135  -0.160386
2.91296  1.38425
1.36403  2.86428
-0.766343  2.93856
2.89944  -0.939975
0.953036  1.15321
-0.205566  -7.23257
-0.612184  2.60676
0.749445  -2.91751
-0.643082  0.00684312
-2.81856  0.526562
-2.36607  0.727587
-1.88877  -1.90558
2.11986  -3.76555
2.13709  -3.57553
0.391758  0.899121
0.846747  0.874901
-1.68298  1.67691
2.22163  -0.0146607
1.41318  1.59616
0.611642  -2.66185
-0.762667  -6.10854
0.438079  0.465081
1.40382  -2.15283
2.21691  -5.19952
1.29544  -2.05327
1.51579  -0.437066
2.67556  -0.852159
1.39043  -4.75116
-2.35297  -2.77659
-0.462921  2.65742
2.83295  2.95625
0.65805  -1.39677
-0.0162902  -7.96355
0.820263  6.22139
1.2273  1.30214
1.07355  -0.182909
2.28997  -0.395737
1.74962  -6.65175
0.802838  -1.27383
2.14463  -4.65288
2.56141  7.97641
-0.647988  -2.48206
1.06663  2.14022
0.339993  0.86239
1.48392  1.11559
-0.0498321  3.82918
0.545533  -0.251672
0.517639  1.67413
1.46036  0.256627
1.72116  -0.0324635
2.17644  6.45595
2.65052  -12.9294
-0.123608  0.263514
2.23506  -1.03713
0.84542  -10.8522
2.20643  13.4
1.59151  1.21592
-0.329421  -18.6663
1.86244  0.433205
2.75274  -8.88436
-2.53381  -1.85134
-0.841634  0.543294
-0.762588  -0.823459
2.38295  8.39697
-1.44743  0.131273
-2.59987  -0.291512
2.81223  -3.94577
0.450953  -1.52784
2.97974  -7.5097
1.35777  0.509335
0.0148819  -3.69341
1.84982  -2.33595
1.23439  -0.585064
1.76031  -3.27449
-2.48056  -0.0589085
0.94303  0.224662
2.81183  7.74436
1.01254  -7.94161
-1.19302  -3.66093
2.12152  0.215326
2.18022  -2.52765
-2.38998  2.48043
1.41679  5.48289
2.20657  -11.7524
0.27137  -1.86592
1.4431  -0.0585106
1.76529  -0.254981
0.302777  -0.0910364
0.541803  -1.94809
1.46238  -8.06445
2.34804  3.0303
-2.03169  -0.908764
-2.41878  1.03597
-0.549914  0.462909
1.77167  1.35089
0.911963  -2.67244
2.5571  -6.27538
2.884  5.07415
1.69472  9.01394
0.403108  3.14603
1.46678  -0.723199
-2.93866  -0.467432
1.61311  -1.14057
0.424497  3.32305
-2.50591  1.15665
1.06592  -1.40228
0.888411  3.53148
2.52294  3.01969
-0.733806  -0.349619
-2.00788  0.9793
2.93001  0.452287
-0.81641  0.176692
2.43474  10.4354
1.86612  0.0443333
-1.98214  -0.157226
-2.44388  -0.302445
0.0590213  10.2107
-0.772014  1.03839
1.96899  -2.99398
1.94468  0.0792218
-0.510921  0.657386
0.21924  9.08699
1.05755  -1.03465
0.175721  5.49357
0.20156  -1.17281
2.12775  -0.634679
2.16638  -2.88812
-0.268704  -2.58437
-0.874472  -2.01423
-1.2956  0.0454953
2.4688  1.37521
0.771091  -2.18094
1.82706  -2.91193
0.31055  -2.3673
-1.72774  1.06144
-0.139487  -6.03577
-2.77486  2.62113
1.87855  9.32611
-2.92346  -0.623518
1.4246  1.51115
1.65993  1.40278
1.68203  4.61279
0.706021  7.96645
0.898051  -0.911281
1.74569  2.14844
1.6106  -0.189171
0.33439  -2.04288
2.43783  6.2067
1.35534  1.13083
-0.285359  -0.968072
1.23635  -6.55694
-0.825963  -3.14403
1.84584  1.17066
-0.799193  0.726984
-0.684153  0.595605
2.36941  5.11188
-2.9002  -1.38184
-2.26201  1.92746
-0.0256127  9.071
2.18623  -3.04815
0.200186  -3.47487
-1.2081  -0.112505
2.79006  -6.00374
0.626317  -0.582232
-0.285938  -5.34104
-0.0114455  -2.69185
-2.52202  4.67326
2.42379  1.57925
-2.70782  0.668971
-1.69335  -1.23832
1.14204  -0.0335912
1.37302  3.90076
1.55777  -7.26068
-0.929081  0.252105
1.77364  -5.60898
0.505193  0.94969
-1.63473  0.188454
0.00344363  -0.390498
1.54443  -1.18856
-0.093418  -1.7698
1.55547  0.351152
1.6665  -3.40502
0.425731  2.11561
-2.02478  -1.69578
-2.26334  1.81058
-0.3734  0.58044
2.12236  2.99175
-0.179587  -1.27301
1.49484  2.36666
1.07048  1.46633
1.19405  -2.69529
-0.424489  6.22442
-0.303794  -1.02739
2.61736  -2.18522
-1.74613  0.593587
0.86051  -3.71422
-0.364645  -5.10514
-0.272391  -1.52279
2.38301  -11.7187
2.48488  -2.83264
2.18982  -2.85607
-2.88918  1.25145
2.32979  1.07636
-0.210375  1.68488
1.65556  -13.7283
-1.33548  -5.96079
1.16915  3.18011
0.124734  0.241331
0.563611  -8.68827
-1.56315  0.237305
2.14933  11.1093
0.169764  1.6114
0.469555  1.11931
-1.09279  -0.464787
-2.43106  -0.108582
-2.30289  -1.35164
-0.355695  1.71366
1.00448  1.57092
-0.0849178  3.74778
2.94816  5.07408
-0.897664  0.277648
1.75604  0.656857
2.20896  10.993
1.92333  2.48702
-0.576395  -8.13984
-2.78164  -0.251354
2.23669  -1.41054
-2.22286  4.83432
-1.17423  -3.83258
-1.76315  -3.18776
-0.482973  -2.99234
1.96042  -8.04338
2.26291  2.96331
0.764482  -6.13798
-0.244559  0.806028
-2.2683  1.57798
2.56051  -1.20857
0.642622  -0.588557
-1.65037  -0.704028
-0.485323  -2.15628
2.36688  3.12192
2.17111  -0.167317
1.19037  2.39161
-1.11286  1.11731
-2.38622  -2.74176
2.20864  -2.44418
1.66529  -0.0822588
2.61305  1.59295
2.22789  -0.193545
2.19001  -0.124618
-1.3092  0.00546835
-0.706276  0.111003
-2.6211  -0.391497
2.82736  10.5315
2.03783  -1.28958
2.46719  1.77115
0.858631  2.78424
0.0332073  -1.78999
0.98377  -4.41803
-2.09044  -0.260481
0.969818  0.484243
-0.665991  0.108995
2.6965  11.9828
2.25216  3.02905
-1.74991  0.339148
-1.96645  -4.00711
-0.145756  -0.750541
-2.33754  -0.45102
-1.0301  -0.666122
1.66335  1.22333
-2.88417  2.60162
-0.630998  1.20457
1.06345  0.253288
0.636404  2.62166
-2.13365  -0.645964
-1.57585  1.67661
-0.3876  -1.36276
-2.11081  0.112554
1.75635  -0.000474148
0.267976  -0.0109823
-0.245032  -1.2818
0.33615  -9.29216
2.39903  -8.02266
-1.66445  -0.64249
1.88222  -4.03129
-1.33191  2.34083
-0.114519  4.60373
-1.41753  0.218175
-0.636758  1.03135
1.42943  -2.25051
0.222992  -1.78835
1.57949  -8.77163
-2.37143  -0.939607
-0.498548  -3.63592
-2.004  1.39767
-1.67109  2.49726
-2.53989  -0.611177
2.7102  -2.34852
-2.3949  3.5684
0.333639  -1.26636
0.962631  -0.108137
2.3664  -4.74602
0.795326  1.2796
2.35616  -0.435458
2.95002  -0.649973
0.34876  12.7071
2.33439  -4.15799
-0.213633  -1.14384
1.61512  11.3006
-0.652932  -1.53553
2.01867  -4.03703
-1.69482  1.36216
0.652795  -1.20811
-1.60209  1.81304
2.57754  2.59088
-0.560855  -1.47247
2.33853  -6.0874
1.56092  0.448608
0.649945  -3.05188
1.58798  8.54294
1.66623  -1.237
-2.09216  -0.331284
1.60429  7.23847
-0.753136  0.645733
-1.9709  -0.866813
-0.303322  3.88335
-2.40845  1.39779
1.96176  -0.638101
-1.8627  -0.188241
-0.90172  0.605645
2.21645  7.86682
-1.13102  0.47808
0.665465  -7.93168
2.30903  2.1338
-0.237717  0.238625
-2.25495  -1.11441
0.635973  -2.23714
1.68425  5.10833
1.66541  -5.44151
-2.24665  2.5192
-2.97371  0.635749
-0.678464  -0.422809
2.71106  3.6456
0.969693  6.85408
2.9936  -10.4232
-1.39998  5.75081
1.37161  1.88953
-0.0344504  0.240452
2.18213  -4.27458
-0.713431  0.332697
-1.73896  -0.476684
0.821096  -1.69739
2.7401  21.1602
2.96981  0.290355
-0.374145  1.81756
2.77454  -1.92018
-0.892618  6.83126
-2.67996  1.64372
-1.17753  -2.71658
-0.251596  -1.16654
1.26293  -2.35629
0.166168  -2.8889
0.221487  0.529631
0.399056  -2.14466
-0.197135  2.51191
2.78838  4.1012
2.87628  27.7249
2.13197  -1.91943
-2.46099  -0.870726
2.67323  0.500092
-0.292139  -2.22005
2.1584  -0.66127
-0.648503  -7.66217
-2.39554  -2.71119
-0.962247  -1.25214
-0.250271  2.99476
1.28605  -1.13464
-1.28174  -0.575244
2.19063  0.708553
-0.560142  1.72658
-1.52497  -0.709525
1.25243  -1.26387
-0.702138  6.91552
-1.06146  0.0272182
1.26076  -1.42944
-0.449906  -1.90384
0.778844  -0.492308
-1.06095  -0.446374
1.45516  -0.740747
2.08966  4.54868
-0.576448  1.26674
-0.415917  1.74777
-0.56946  -4.55236
2.34213  -0.722745
-2.46169  1.55953
2.30083  -0.871596
1.6492  1.61503
2.91743  3.69061
-0.639712  -4.53027
0.324707  -3.45927
0.904283  1.3974
1.32966  1.11472
-0.676626  -0.0676549
-0.0787601  3.73758
2.3377  2.47154
0.795567  -1.4526
0.740641  -1.58325
-1.06871  -3.5072
-2.09609  3.76413
2.1237  -19.213
-1.04146  -3.49002
0.533626  -1.68266
2.30455  -3.22111
2.72626  -2.73946
2.86978  -0.457511
-2.24149  -0.823935
-0.313298  0.849689
-0.604953  0.893049
-0.462233  -1.07394
-1.42037  -3.21738
0.651036  -2.04214
2.09809  3.46184
0.841286  -3.50033
-0.158402  0.155502
2.14702  2.76815
0.128747  -0.711679
-1.75029  3.09319
1.89499  0.0681501
0.247232  2.25355
-2.38439  0.712674
-1.29472  -2.28669
-1.94176  1.00371
1.90538  0.286488
-1.4809  -0.0775062
0.254533  -0.84144
-1.20914  0.154066
-1.48299  -1.18673
-0.145286  -0.151339
-0.869801  0.209841
-0.468349  2.30237
1.18344  1.55728
-1.97956  -1.36621
0.827339  2.547
2.7139  0.697062
0.224794  1.47761
-0.794189  -1.9428
-0.92822  -1.62999
2.71708  -0.456029
1.92223  -1.11654
-1.09301  3.62816
0.622789  0.454259
2.09566  -0.413693
0.0412292  0.137617
-1.51083  1.52749
1.14263  -10.9757
0.923612  -0.931036
1.13286  2.38602
2.93455  6.75612
2.19933  4.35079
2.97762  2.88869
2.65695  -1.90584
0.794369  -1.84783
1.77046  0.113827
0.96202  -5.55242
-1.15079  -0.908169
-1.07543  -1.27184
2.67881  -1.65189
2.43158  -8.18518
1.47652  -6.67613
0.993731  -3.09262
-1.42115  0.837405
1.52395  -13.374
0.996954  0.0140899
2.74109  1.17522
0.164877  -1.27712
-2.30054  0.371639
-1.97936  -0.573252
1.12181  -0.966149
-0.366045  1.42208
-1.74505  1.27322
0.247806  -1.69229
1.92625  -0.581
2.67891  -5.73842
0.759242  7.71494
-0.409723  0.0758964
-0.94602  -1.8777
1.04943  13.7492
-0.663431  5.66476
-1.88324  1.06938
-1.87944  -2.71023
2.25754  -3.19627
1.32673  -8.55911
-0.010327  -5.87567
0.759835  -0.90421
-2.98786  -0.204827
2.12921  -25.7954
0.209391  0.461624
2.60802  2.014
-2.89247  -1.15587
-0.551144  -0.390145
-0.0371669  0.731
0.39823  -0.0468947
2.68613  -3.8594
-0.150004  -0.333875
-0.542803  5.33706
1.82078  -14.2076
2.67765  -2.12252
0.623284  -0.65723
2.05014  0.0203859
-2.71422  2.06972
0.250553  3.89435
1.83898  -0.958261
1.25066  -3.07026
2.51242  -10.9451
1.24748  50.0438
0.248203  9.82506
-0.17004  0.967056
0.902135  -4.52271
2.71111  -0.725608
2.05785  -4.2886
2.53972  11.6855
-0.339856  -0.647908
-1.26215  -2.56886
-1.79369  -0.689493
-0.749864  0.700198
-1.77375  -2.20628
2.30127  -1.31996
-2.02938  0.277066
1.43933  0.493399
-1.54767  4.32143
0.444016  -11.3905
-0.0356903  -2.59354
0.460089  1.00403
-0.437621  9.54612
-2.07  -1.49147
-0.526404  -1.10174
-1.61778  -2.13569
0.581432  0.185739
1.73288  0.321652
2.91236  1.62659
2.95742  -2.31836
-0.535851  2.44342
0.647922  10.6914
-0.22789  -0.119008
1.88488  -0.0496373
1.41935  0.311105
-1.60813  1.11376
-1.00879  -3.64384
-1.70981  -0.163137
-1.68376  -0.985407
1.98282  -1.65752
-2.29441  1.23905
-0.058654  -2.82354
-0.00415402  -1.93233
-2.51053  -2.1686
1.38677  0.306766
0.670234  0.176936
2.99853  2.49179
-0.0557977  -4.42662
0.560336  -4.62806
2.60633  -10.3432
2.9439  7.92246
2.8634  -0.715889
-1.3761  -0.927263
-2.04253  0.429805
-0.13041  -1.64008
-0.79405  1.57201
1.74967  1.10037
0.169747  -0.986139
2.82691  2.40861
1.9673  5.06915
1.39172  3.05434
0.496545  -1.67047
-2.20479  -2.44592
2.85562  0.565372
0.285541  -1.47885
1.44675  -15.4035
0.813004  -5.66842
2.61336  0.265363
0.217386  2.20276
2.90012  2.47894
2.48003  1.83574
-0.242491  0.862434
0.185659  1.08475
-0.277829  4.00705
1.6444  19.4834
1.53594  6.43031
1.18931  -0.44787
2.64435  -4.68385
0.64219  11.5697
1.03936  1.29809
-1.28675  -0.97821
2.81576  -5.44211
0.81231  -18.6438
1.14403  8.40081
-1.69745  -1.04762
1.32673  -2.19683
2.23016  16.0931
2.07971  2.73118
2.64671  2.84453
-0.674189  2.86067
-2.16913  4.42055
2.91991  -9.72687
1.32737  -0.341741
0.00816894  1.94634
0.391018  -18.7591
2.47016  3.48005
-2.20872  2.19658
1.66823  -0.06027
-0.716403  -0.295635
-0.626329  0.532191
-1.26659  0.272908
1.72996  -2.23194
1.57311  -3.01753
0.953081  -1.43438
-1.22259  -0.188168
-1.02843  -2.28818
-1.3325  -0.046937
-0.862986  -0.0287448
-1.7357  -0.117842
-0.290277  0.841971
1.98409  -0.0338594
-1.27846  3.15305
-1.24193  -0.158937
2.13704  -4.23157
-0.766889  0.715347
1.41735  4.21636
1.02449  -0.0625032
1.27154  5.40892
-1.77129  0.952532
1.81768  -1.28049
1.13872  -12.5848
2.1385  -3.74186
-0.291704  6.43649
-1.84051  -0.166779
1.93003  3.14596
-1.69767  -5.74168
0.461502  -1.45958
-0.0973682  1.74466
2.00191  1.00144
-1.75061  0.770044
2.55248  0.0714399
-1.90961  1.15576
-0.294468  -0.685743
0.596789  -1.73616
2.67204  7.90596
0.202511  0.998489
2.46884  -0.0490648
2.5683  0.195235
-1.26715  -1.11901
2.93201  -0.254548
-0.604665  3.25422
2.11273  0.918229
-0.652119  -3.41835
-0.264075  2.01318
2.17834  -0.186208
-1.03924  -1.13249
0.678173  9.39952
-1.4488  0.0571261
-0.855771  0.970063
2.10201  7.36857
2.33266  17.6625
2.3152  -2.67128
1.45792  12.1689
-1.12546  -0.481994
1.79881  4.84999
2.2226  6.23693
2.87521  -4.6941
-2.35015  1.37747
0.356302  -3.42761
0.528214  0.5544
2.68281  2.90904
2.69175  -2.0615
-2.99547  1.59152
-0.668392  0.571839
1.84971  0.497347
-2.29796  -6.53862
0.545706  -0.00155207
-1.82551  -1.95503
-2.85774  -0.532676
-2.14928  0.115814
0.353209  -0.114319
0.353562  2.70535
-0.502487  -0.714436
-2.82944  0.367883
-1.37134  2.3757
1.16538  13.6928
1.68719  -0.718996
-1.03407  -0.722478
-2.64845  3.28162
1.89195  2.8709
0.245545  0.347585
-1.45662  -1.41085
-0.926873  -2.71158
-2.85853  -0.0812485
2.59881  -8.47044
-1.42488  1.36766
2.68452  4.71588
1.81263  -11.5122
-0.471524  -1.79714
2.78105  1.02991
0.0412801  3.02513
-0.951054  -0.950321
2.51709  -0.151151
-1.80186  2.37928
-1.52309  -1.75726
-1.91632  0.531289
0.991027  3.60061
2.54327  1.21544
1.9448  6.10006
2.19458  12.1292
-0.0579082  -3.2403
0.487667  0.507488
1.89438  2.13337
-2.01493  -0.305011
-2.26608  -0.909509
2.80952  0.81308
-0.57416  4.00988
2.28975  -1.67471
-0.0215647  -1.38314
-0.266227  -5.7246
-0.0328866  -0.0380074
0.669693  9.1442
0.217389  0.78799
1.35893  -2.82647
1.80378  0.0517391
0.17739  -1.51075
0.616586  3.17202
-0.519938  -0.137085
-1.67514  -1.27971
0.86101  -2.96842
-0.112  0.588135
2.91742  0.432136
1.22614  -1.35783
2.38052  -5.52024
1.25242  4.41068
1.93871  1.35517
2.61258  3.28899
0.517581  0.382905
2.57868  -6.20721
2.61001  7.07432
-1.97032  7.37394
0.775669  -2.05841
-0.510593  2.99338
0.753645  -4.67437
0.618368  0.469817
2.82876  9.18606
1.60991  1.50726
1.65084  -1.03909
1.60546  -0.112941
-0.311622  -0.0645005
-0.128194  0.918112
-1.04167  -0.336349
0.444789  4.25728
2.50293  -4.63923
0.0749605  -1.75376
-1.67306  2.1922
2.05167  0.491841
0.880769  -2.67251
-0.00435699  0.395503
-0.0665712  4.76582
2.13186  6.06692
-1.9993  0.557663
2.4666  -3.59784
2.85976  -3.07098
2.01861  2.50049
-2.39841  0.842899
-0.55661  -1.67405
2.69257  0.285881
0.216798  0.112452
-0.922805  -1.34006
1.79712  1.05359
-0.0394282  -0.070808
-2.99065  0.603373
-0.402319  -0.0934182
0.241552  6.50821
1.89036  0.239859
2.43842  -2.60486
1.30878  -3.21198
-2.76234  -0.137695
1.46448  3.3621
2.05142  9.58692
-2.21646  -3.87442
0.127714  8.32039
0.487518  -3.19088
-0.270193  -1.34532
1.05124  -1.45825
1.92926  -1.30477
-2.96166  -1.16711
0.292779  -2.15267
2.66899  -2.96182
0.371505  0.0268517
1.5118  6.15292
-0.105663  1.1361
2.50744  8.34427
-1.43269  3.05362
-0.0392505  0.552871
0.553134  1.69656
-0.0982031  -1.45488
2.16599  -1.36254
2.8551  6.6581
2.78547  16.7059
-0.546664  -3.70628
0.667348  1.43105
-2.16388  1.30437
0.877481  0.267988
2.79447  -2.41323
-0.427732  1.6362
0.388774  1.61163
-2.28908  2.54756
1.29505  -2.38805
0.613318  9.8012
-1.05748  -0.147547
2.2196  -5.74238
1.71545  0.483219
-0.0604421  -2.99701
2.2931  -8.4015
-0.834732  -0.982485
2.77305  -0.647853
-2.233  1.31847
1.09068  -7.08596
2.67219  -0.228098
-0.623782  -2.29982
2.59891  -1.44496
1.28761  0.656499
1.08051  -11.2683
-0.474254  5.5656
0.0235016  0.763672
2.16985  0.307114
1.04522  -2.74194
1.10231  6.88712
0.182647  -2.32394
0.779585  -16.1143
-0.393441  -7.26339
0.947301  -3.80225
-1.80279  3.44314
-0.186786  -0.169228
-0.103673  -1.53154
1.35614  -5.07672
-2.23684  0.577281
-1.87856  -3.98393
0.607648  0.415542
1.70677  0.474419
2.86845  -2.55241
0.578789  2.60889
2.4922  -4.36184
1.00413  5.27676
1.6613  -2.77486
0.396821  -1.99731
1.40895  0.574963
1.10783  -8.1311
-1.17579  -4.00894
1.26393  0.943506
-2.62052  -2.64261
1.25924  0.804743
-1.97867  3.40508
2.59739  -4.53649
-2.6298  -1.5103
-2.22792  0.800285
2.67734  -0.989026
-0.098706  -2.33372
2.33392  0.159708
-1.76525  -0.612823
0.994895  -1.61114
-1.95181  -1.97941
0.824453  -4.19013
2.75123  -17.7359
1.30873  -3.21002
1.74619  1.45989
-1.88131  3.69705
-0.214803  3.14658
2.80144  23.6567
2.46005  -5.48648
2.44132  -1.42465
2.66112  9.59795
0.530021  0.29222
0.740553  -2.21138
2.39875  3.99677
1.19765  1.67019
0.0683033  -1.86426
-1.73863  -2.52591
1.23783  -12.242
1.7413  -6.56999
-1.55036  -0.997645
2.44383  1.90187
-2.4798  -1.18045
2.11153  0.53119
1.17595  -2.42196
0.513886  0.209296
1.37938  -0.234896
-2.2375  1.82989
-1.27939  0.776308
-1.50569  -1.67195
-1.8421  4.05984
-0.708532  -0.396794
0.390352  -0.980188
-0.57416  2.88651
0.109684  0.664864
2.76242  4.394
0.604696  6.71633
1.56682  -6.31308
1.27378  7.92068
1.35696  1.77493
-1.03749  -2.72668
2.81589  -1.33177
-1.42756  -1.29968
-0.669516  -2.98735
2.64486  -11.8358
2.32312  -0.0487649
2.09993  1.22967
-2.73968  -2.34676
-2.86736  3.76556
0.833756  -2.02841
2.80257  -4.1584
2.43523  0.713404
0.658924  19.7272
-1.83959  1.3413
2.48805  -5.90761
0.739331  10.5748
-0.593142  0.470929
1.93605  16.5936
1.96061  2.75624
-1.57642  2.45967
1.56191  0.384871
0.908116  1.41265
-0.144361  -0.395964
-1.97874  -0.782998
-1.46399  0.21468
-2.45107  0.324606
-2.64255  0.0572682
-2.38269  1.22554
2.52022  -4.544
1.31134  2.46966
2.40271  -0.931848
-0.114149  0.228559
-0.736798  -1.30392
-2.91164  1.11297
-1.5741  -1.21007
2.22322  0.253683
-1.1407  1.29885
1.97677  -0.285925
-0.209969  -11.7734
2.10451  -7.33821
-0.603131  -0.636472
-2.57154  0.171399
0.372044  16.0314
2.89639  -5.91127
-0.29459  -1.21127
2.28621  -4.92404
1.0574  -6.1247
-0.0293739  -0.741386
0.670132  12.6807
-2.0249  2.17916
-1.43411  1.5739
2.68847  -4.3122
-2.39022  -2.92591
0.318153  2.28482
-0.475338  -2.27616
-0.124143  -0.540003
0.0706335  -1.68499
1.61842  3.96349
-0.223361  7.0483
1.06927  2.74633
1.34807  0.373059
2.38046  -10.6885
-1.88993  5.04344
-1.88736  2.9896
1.10352  0.445107
-0.266906  1.10935
1.88511  2.15646
-2.59937  -0.804699
0.451469  -6.89414
2.41082  -6.12327
2.58316  -4.07296
-1.75866  -0.513551
1.74332  -1.57455
-1.68523  -0.549879
1.11891  -0.591374
-0.42069  5.06731
1.54328  4.53549
-1.51552  -3.34926
1.9862  -8.63629
-0.201561  -0.495916
2.46998  18.1361
0.361765  -1.98814
1.80272  1.00981
0.228424  0.496436
0.346125  1.69566
-2.2098  -0.265951
2.02463  1.02468
-2.9256  1.28404
1.41676  4.82686
1.93164  -2.35514
-0.0345823  -7.92794
0.243459  -1.69504
-0.120944  -0.288691
-0.491593  -4.67508
1.46719  22.016
-1.69081  -2.33563
1.25727  1.62889
-2.55213  0.438838
1.33162  1.29994
2.45467  -2.12231
2.7044  0.963501
-1.01697  6.63689
-1.40428  0.799341
-0.0410813  -0.330342
-1.51475  -1.71077
1.30101  4.27989
-1.04425  1.2371
-0.54991  -4.80687
-1.32508  0.924964
0.84045  7.89703
0.411565  3.22746
2.0034  -0.197278
2.07199  -0.0539133
1.92278  1.00487
0.653382  -4.89577
1.14097  -4.214
2.34329  -0.728183
-0.408947  2.38997
1.07984  1.76254
-1.81727  -0.068543
1.0421  -0.495429
2.52425  0.944049
-2.5388  0.932287
-1.17522  -0.105139
2.7066  9.89295
-1.05609  0.575327
0.711253  14.7733
0.49853  1.16933
-2.06499  -0.0677248
0.345399  3.48955
-0.0412497  0.0511738
-1.89956  -1.21906
1.7653  5.17644
2.62288  -3.36025
-1.59359  0.930699
2.19456  -5.57383
1.11035  1.13404
0.568983  -1.03337
-0.193311  1.10697
1.11854  -1.81176
-2.23526  -0.267227
-1.21928  -1.14614
1.47646  -2.3236
-1.12247  -0.326079
0.695693  -1.81006
0.472557  -2.62287
-0.228496  -1.09288
-2.36693  1.01787
-1.47318  -3.87031
-0.0392334  7.34334
0.264435  -0.895205
-2.58928  0.297089
2.11797  2.05133
-0.0914351  5.92914
0.996315  0.380217
-1.29073  -0.80392
-2.33078  -2.42999
2.40912  2.28327
1.02332  4.44215
1.6065  -8.66153
0.546045  -1.25978
2.43219  -10.4854
-0.0329185  2.70124
0.378414  3.06756
0.375867  -18.3303
2.59668  -0.274682
1.14659  0.556144
-0.184865  0.326211
1.54194  -2.08813
-0.985586  -0.05906
2.10681  -17.2732
2.16509  8.17491
-0.677979  -2.66146
1.714  4.60393
1.65457  -3.74756
1.59095  -7.1045
2.53413  7.43377
-0.688652  3.69732
2.80114  0.216938
-0.49574  8.05719
-2.16849  2.8124
2.19437  -5.07328
1.66209  2.40357
0.19313  0.250249
-0.565461  0.0900671
1.69046  -0.0431377
0.623663  -0.531362
-1.78431  2.73848
-1.77786  -1.59929
2.10462  -2.35509
2.01858  -0.419945
2.62997  2.53696
-0.0434244  -2.1346
1.62216  -2.98858
-1.97852  1.41323
-1.64859  0.323259
-0.405044  -3.79947
0.876306  2.35538
0.474045  3.38487
2.17066  -0.0943788
0.381534  -6.33054
1.69665  -6.39533
1.30571  -2.58863
1.59458  7.58308
0.363225  1.64795
-2.94783  -0.370243
1.56057  0.837881
0.722009  -4.48905
-0.825457  -4.19247
-2.00242  1.84761
1.2196  1.42755
1.92771  3.41927
-2.53596  -3.96684
-2.21713  -0.187978
1.703  4.69657
-0.82205  -1.91427
-0.363681  0.71005
1.8095  -3.304
-0.103233  -1.59625
1.51096  5.61342
-2.78349  0.481936
-0.916125  -0.42937
1.38279  8.61073
1.69102  0.281002
0.0401738  -18.4821
0.0965187  -2.38984
0.478056  -7.61469
1.49674  4.20364
-0.683302  0.944359
2.47532  1.54891
0.274777  -7.90967
2.62135  4.87932
0.602138  -1.29812
2.34842  5.90792
0.329174  -1.05933
-1.44017  -0.717023
1.55879  -9.55395
1.14102  5.65652
1.69584  1.06218
2.44331  3.13958
0.822663  1.72859
-1.01338  -1.67532
0.232939  2.03235
2.18666  0.056782
1.44958  -0.120232
2.64393  14.7427
1.93938  -1.33202
1.2069  2.85411
0.968315  -1.26401
0.517459  -1.86232
0.24684  7.26224
1.34143  -0.605282
2.35093  1.55485
0.00300715  -0.672094
-0.840938  -0.119901
-0.198692  0.76762
1.18883  15.4795
1.2285  2.77009
0.92534  0.295787
-2.34216  -2.06289
2.8523  2.05893
-2.69985  0.0965095
-2.58239  -3.25344
-2.07083  1.94644
2.178  -1.22105
2.31716  2.30997
-0.969082  -1.93048
-2.20955  -0.50051
-2.5369  2.1322
0.547735  0.0927283
-1.59954  0.192031
1.11891  -1.53179
0.692275  1.78874
1.79272  4.77081
2.3764  -0.674799
1.73525  -4.59832
1.10836  2.72615
-1.00526  -1.671
2.25698  -3.51743
-2.94137  0.295283
-2.69538  2.07459
1.6923  46.0786
0.974512  0.120124
0.567872  -6.75125
-1.374  -0.330773
2.54035  -4.91982
2.37321  1.48953
2.57672  5.02062
0.987786  -5.44051
2.5155  5.27774
1.79391  -3.94067
0.863837  0.452069
-2.17578  -0.194382
0.142803  -0.570817
-0.386219  2.32916
-0.606234  -0.556368
0.963441  0.0474584
1.21203  6.72823
0.230284  -9.02588
1.41336  2.52595
-2.60557  0.263556
-2.75801  -0.483719
-1.93705  -0.918187
-0.248893  0.450079
0.961868  3.78183
-0.981471  -2.34785
2.62269  10.7975
-0.663287  -1.27669
0.439469  -1.4857
0.996844  -3.20269
-0.437599  2.63643
2.48434  5.08256
-0.463488  0.713922
-2.88662  0.190186
1.31182  -0.874099
2.01745  -2.44008
-1.37098  -3.17876
2.99944  -10.5874
-1.36203  -3.52248
-0.180195  -2.74424
2.40035  2.16584
-0.330403  -0.821669
-0.0114816  0.278695
2.74613  -4.81933
-0.968049  -1.02699
1.2295  -1.38856
1.62247  1.2048
2.34519  -3.33773
0.347627  2.66397
2.04946  -0.431895
1.60291  0.681434
-1.67658  -0.642417
1.64249  -7.88376
2.34823  2.11017
0.75052  0.564371
0.923401  0.45783
-0.391698  -1.56565
-2.87235  0.833921
-0.751479  -1.98962
0.563705  2.42205
1.29192  1.52475
0.716629  -0.0707468
0.894436  -0.12169
1.30815  7.81964
1.78566  -1.02185
1.19661  -4.80329
2.2663  0.151264
-1.01555  -1.34579
-0.189563  -1.4608
-2.17465  0.194585
0.51468  1.29483
-1.85833  3.28675
1.92292  1.95299
2.79638  -7.3999
-1.82388  0.842528
0.72499  -0.182193
-0.665059  1.18221
2.66152  5.7807
2.08266  1.42886
2.13018  -4.08395
1.50946  5.29828
1.58439  0.897995
0.644589  1.35194
-2.41518  1.80226
-1.60187  -0.946077
0.771482  -4.58133
-0.94885  -1.64071
0.320394  -2.33564
2.06958  6.05401
0.352563  -0.657924
-0.117985  -1.14975
1.84532  0.689091
2.56427  -0.832839
-2.16701  0.440629
-0.211695  6.67278
1.38104  0.89189
-2.12926  -3.35159
0.93828  -0.0218809
2.50355  7.5169
1.37502  0.94523
1.7131  -7.29405
1.22363  -0.584392
2.65929  8.22414
-1.0928  0.111859
-0.130587  -2.24141
2.05158  -3.11179
2.5832  7.42927
-1.12249  1.15364
-0.341091  5.23976
-2.73176  -0.0757721
1.14911  -5.59852
2.84642  -12.7035
2.27832  2.77334
2.52445  6.29321
-1.17573  1.37764
2.1974  -0.114424
-0.651344  2.26075
-1.79175  0.567968
-2.07198  -0.936371
-1.82262  1.85421
1.02024  -10.8109
2.84746  0.719964
-1.64092  0.314427
0.867789  -1.58569
-0.598465  0.537185
-0.453867  1.85647
2.16123  -3.24233
2.53022  -11.307
1.81591  0.051323
-0.557701  -6.58297
-1.0045  0.774816
0.705918  -2.36899
-2.11767  -0.13604
-0.546603  -0.389708
0.13594  -0.134772
-2.12492  2.88044
-0.53821  0.152214
-2.36855  0.65641
0.234345  -5.07989
-0.305948  0.478037
1.05398  0.579136
0.351633  2.69198
1.07701  2.89674
-0.848897  0.70743
-0.891787  0.00772214
14.1082  2.13156
