1.1383  -7.50988
2.81688  0.610623
0.532282  43.7307
-1.82558  -3.08448
0.44276  1.6986
2.53783  1.96925
-0.176345  -4.87891
1.12922  2.87803
-1.1481  -0.768064
2.96756  8.91825
-1.9332  4.86818
1.66753  0.697041
2.02303  9.29819
-0.122388  2.21088
1.02952  -0.818926
-0.244073  0.400987
-2.48455  3.49642
-0.0894604  0.142797
-1.55357  -0.305394
0.169779  -0.0242842
2.18479  2.51136
-1.89187  5.26993
-2.17707  2.15392
-1.13234  -0.618058
-1.53982  -0.120075
-0.100992  1.60168
-2.98164  8.19526
1.41984  -2.30959
1.35592  1.29914
0.515176  -0.562903
2.4294  -3.82858
-1.26691  5.03016
1.07286  -0.28699
-1.38566  -1.09726
-1.39916  0.666227
2.69119  -6.55959
-2.01186  -2.58383
-0.44637  3.01353
-0.00614227  -1.18441
1.54577  -2.13499
-0.214647  6.57213
-1.70202  1.08387
0.164549  -2.63427
-1.94873  10.8786
-0.696716  1.12457
-2.98074  0.0387161
-0.984472  3.46637
1.61485  5.73837
2.79179  0.982599
-1.10747  -2.70347
-1.71968  -0.880298
0.595954  -2.03564
1.14996  -8.15196
1.86075  -0.60551
0.319224  -3.16919
-1.10824  -3.04055
2.60416  1.67393
-2.83828  -2.42104
-0.0420174  -4.09859
0.731983  0.288996
1.36156  4.52073
0.792492  3.24315
-1.57803  0.934254
-2.1234  0.425289
-0.506001  -12.3117
1.16717  0.524633
-1.60566  -0.0614758
-2.99771  0.680468
-1.00132  -1.29465
-0.534938  0.30863
1.2244  -9.23327
2.43124  -0.297304
-0.253913  1.38751
1.35882  -11.6023
0.166739  0.103635
-1.07993  5.48657
1.25013  -2.49605
-1.71469  7.26396
-1.5378  -0.847427
2.57361  0.917657
-2.46178  0.207932
2.40796  -8.09367
0.82698  -0.765195
-0.913219  4.14171
2.18428  -3.07378
1.26175  -0.254984
2.436  -0.66711
1.44116  -0.266189
0.220605  1.54478
1.9806  -1.86105
1.22547  -5.43826
2.43126  -2.23012
2.17928  0.664293
-0.664693  0.952562
0.192961  0.508784
0.815579  -7.03023
-2.24971  3.68482
2.25547  -0.42164
2.98656  1.01181
0.342848  6.59743
0.938933  0.746551
-1.26421  0.728913
-1.69412  -2.21617
2.32803  4.5577
-0.0368936  3.22153
-0.590624  -8.71577
1.7952  -0.563223
-2.39669  -3.21838
0.333698  -2.12109
-1.29823  15.7985
0.784071  0.402426
1.44034  0.617231
1.89713  4.6725
-2.66539  0.642898
-2.74177  -1.29198
-1.67156  -7.61726
-0.841699  4.6529
0.0650352  -1.05263
-2.5203  3.46758
2.12467  -0.67668
-0.284072  0.0266664
0.993529  0.8516
2.65195  4.90393
-2.91461  -1.65915
-0.692487  -1.14833
1.88073  -3.05414
1.6248  -8.19018
0.799152  0.424299
0.796088  0.79428
-1.4394  -2.50677
-2.23727  12.3581
1.31247  -4.64697
2.27899  -5.06733
-2.03817  0.049898
0.715512  -0.105301
-2.57618  -3.51658
2.00612  4.40811
2.42407  1.63278
-1.91038  -1.91872
2.08519  -0.081335
-1.01128  -2.41783
0.930913  0.241027
1.8048  2.0208
-0.426254  1.63937
1.3504  -0.418869
-1.38795  -1.39401
0.827916  0.818102
2.52882  -0.977123
1.31863  -5.3209
1.60693  2.63146
2.34692  -1.73086
-0.465882  -4.8114
0.275554  -0.638283
1.40239  10.3369
-0.819094  -3.03059
-2.29059  -15.7154
-1.13164  -28.0131
-0.298642  1.60615
0.0579819  -2.30641
-1.42501  3.63316
-1.16348  1.3792
2.47692  -2.38249
-1.48174  -1.47677
-2.61766  1.19773
-2.86285  -1.39632
-0.933799  -0.0451
2.99674  -4.84934
2.41877  0.788048
0.0965763  4.39739
2.7229  6.19835
2.82253  2.11935
1.19858  -0.0441563
2.44521  -1.05882
-1.30569  -1.68653
-1.55217  -0.913593
-1.70374  3.01156
0.227393  1.93615
0.131281  0.577116
-1.48212  -2.03883
-1.10145  -2.13345
-0.732274  0.793637
-1.19848  -3.73802
0.084197  0.0789757
2.07084  0.889327
-1.465  2.20221
-0.84208  -0.587443
-1.35085  0.775009
0.656196  -4.83838
-0.0954828  -0.207268
2.22656  0.927034
-1.90383  12.1746
2.77212  2.48111
1.10538  1.27451
-0.574983  -0.207485
-0.0885127  -8.06551
0.284667  -7.18483
-0.0364171  -0.730221
-0.467067  -11.1118
-0.63934  -1.63743
-1.18501  4.46852
2.07634  4.26514
-2.27428  9.4165
0.325033  0.491098
-2.36073  1.49133
-0.992863  1.59281
0.707942  1.44596
1.30447  13.0964
0.861115  -0.245174
1.33792  1.15762
0.27832  4.02515
0.327366  -10.828
-1.22717  5.56764
1.03786  0.36657
-1.36746  0.771789
1.59289  -2.76923
-0.638283  -3.05376
0.406903  1.35792
1.17043  0.263773
0.182115  -4.50514
1.68721  4.9739
-1.28891  13.3896
1.14677  -4.89071
2.22442  1.37481
0.753051  0.337961
1.41242  5.10685
-1.39772  -12.0193
1.5318  19.0368
2.53473  2.21103
1.20624  -1.478
-0.606874  3.79324
0.766541  0.28278
-2.564  3.15247
-0.46766  -0.665236
-0.571927  -4.43798
2.43244  -4.80994
-0.201297  0.798114
2.71539  -7.80081
1.07052  -0.228584
2.72562  3.75955
1.16859  13.0907
-1.82676  0.437606
2.11004  -0.11818
-0.785429  -0.0186513
1.17131  -0.527474
0.717778  0.20939
0.501553  0.67211
0.926737  0.30841
2.21578  -1.35248
-2.33128  2.19273
1.55059  1.91563
-2.40668  -0.735576
-0.975412  0.710575
-1.62454  4.30231
1.92209  1.54571
-0.514813  -3.1997
2.59326  0.328783
-1.18758  -0.00820517
-2.50294  0.736054
0.792803  -2.05084
1.66518  -2.42996
1.79588  -2.60344
-2.72202  -0.420628
-2.02844  -1.59796
0.908094  1.58149
0.890538  -0.604025
-1.47524  0.480705
-2.89846  1.30326
-0.0589935  1.3725
-0.169597  -2.82074
0.604379  -0.259467
-2.03061  -7.99692
-2.4914  0.374107
0.629633  1.11308
1.84415  1.08689
-2.71113  4.1012
0.513824  0.00128897
1.89057  -0.190142
-2.96078  -0.216062
-0.243456  -2.87109
-2.77945  1.93316
-1.85961  -0.450584
0.0527162  -5.98394
1.8954  -4.87946
-0.668326  1.69755
-2.50716  -8.06705
0.66205  1.44497
0.288712  0.968642
1.54178  -5.95336
1.81992  -1.3172
0.18484  -0.685533
-1.60418  4.80097
-1.96639  5.6417
-1.53526  4.11453
-0.0181353  0.254626
-1.85807  4.63574
1.08434  0.487313
-0.823075  -3.04672
1.52958  -6.00284
0.189652  6.00942
-2.11272  -0.709043
-0.194573  -0.554061
-2.50407  -1.00661
-1.40754  -1.78802
2.1029  -0.0304235
0.498392  -1.50909
0.192054  1.62868
-1.41874  -0.511347
1.14915  -1.99783
-0.603432  -0.579598
2.7698  -3.26446
-0.28228  -3.42357
-1.58152  0.259326
-2.07887  -1.4081
1.57599  0.530711
-2.70677  -0.19379
1.65091  5.95829
1.06713  -1.14234
2.38883  3.85559
2.46169  -2.32894
1.35121  -0.510277
-2.22084  0.43831
-2.55021  -0.958978
-0.913417  0.460297
-1.82283  1.38608
-1.13892  -3.37014
0.524152  -3.66641
1.86521  -1.62541
-0.0915038  1.15407
-1.36055  0.496976
-0.238469  0.46821
0.707607  -0.987851
-0.621041  -2.2678
-1.84516  2.90411
-0.888992  -4.90743
1.61343  -1.76159
-0.2968  -2.74067
-1.95615  -8.47486
-2.38377  -4.17592
-0.212754  -1.22189
-1.8003  -1.35336
-2.69452  -0.40586
2.94258  -0.322754
0.707273  0.850365
1.29407  3.84794
1.57247  -0.431852
1.14449  -2.42275
2.21809  0.791226
1.25739  -3.08945
-0.174142  0.892949
1.15681  -0.325596
0.882699  2.43207
-1.70878  10.0192
-0.0869853  10.3153
-1.63573  -1.58968
-0.0705607  0.0733592
1.6118  -0.124392
-1.64382  -1.34942
-1.91991  -1.09709
1.61009  1.04659
-2.3856  -0.224292
2.18362  -1.94916
-2.37703  -2.47936
-0.663354  0.10988
-2.02508  0.673165
-2.74456  -3.09609
-0.103852  4.0874
-0.0417124  -2.09673
-1.24125  17.9399
0.750704  0.298028
-1.95297  -1.35351
-1.69891  -0.345703
-2.50079  5.23739
-0.864323  -1.87933
1.45159  -5.1741
-0.285595  7.39159
-1.50201  -1.04548
-1.05152  -2.44642
-0.285786  -0.409007
1.71459  -0.14381
-0.782521  -5.3838
-1.31975  -4.30287
-2.55193  -0.935526
-2.31728  -7.87475
-1.00835  -0.312725
-2.14801  -1.95219
-0.0777827  2.21486
-0.929915  0.311433
-2.31372  0.918555
2.84955  -1.55656
-2.84798  3.41358
-2.31374  0.769974
-1.93508  -9.25861
1.35446  6.98694
0.865198  3.05133
2.33821  -3.64436
-0.101903  -2.15376
-2.14691  -0.130854
-1.07175  3.29079
0.541355  14.6672
-1.12939  3.72618
-1.72463  -1.11962
1.86436  -0.857015
-1.98221  0.0144692
1.48308  1.79673
-0.903875  -1.69776
-0.350757  -42.3177
0.332493  -1.72789
-1.55385  9.85981
-0.962639  -0.505683
1.05317  0.472955
0.793811  -6.1734
-2.93662  -4.7417
0.837008  0.664653
0.789142  -1.37335
-1.18422  2.57355
-1.77009  33.4006
0.901372  0.731891
2.51457  1.50391
-1.18244  0.0227575
0.509644  1.82797
0.638653  -0.829193
1.98474  0.187218
-1.80515  2.9943
-0.705292  9.21934
-2.46937  4.99313
-1.80731  8.95568
0.813959  1.9723
2.08081  0.625729
2.92691  -7.14119
1.24093  1.69937
1.34441  -1.77303
1.11212  -2.32106
0.693942  -3.06793
-0.496043  3.94921
-2.0323  3.18752
-1.16318  -3.07807
-2.78614  -2.93375
-1.792  0.844345
1.81441  -1.18783
2.20203  2.50381
1.45591  -7.1162
0.599252  0.621163
-0.0910033  -4.02733
-1.73352  -0.714811
1.69258  -3.35152
1.48669  -0.365856
-2.10267  0.128657
2.31669  1.19936
1.73284  -3.19703
2.77548  7.39103
-0.0582664  3.29318
-2.93389  28.8574
0.82827  -2.66788
0.477527  -7.76272
1.25498  -0.424699
2.42298  -1.26067
2.82338  -0.549716
-0.893386  -0.659184
-0.188044  1.2369
0.379587  1.69134
-0.228431  -0.122421
0.745903  -1.68914
-2.91408  -10.5984
0.947198  0.0169208
1.07104  2.46202
-1.54939  2.60076
-1.18123  9.0359
2.40796  0.263031
1.39547  -25.5393
-0.121327  1.24925
1.67769  -0.538211
1.38661  1.06234
1.43998  2.5733
-1.64862  0.512539
2.77195  -0.0808039
0.806341  4.77374
-2.34522  -4.50712
-2.56805  14.508
0.74809  -0.621415
2.23908  -2.1671
2.46845  1.15011
-1.9167  -1.31809
-1.02946  -0.501013
1.35121  -3.66629
1.44382  7.64806
2.68165  -1.30084
-0.669428  -1.03054
2.83337  4.84276
1.83917  -0.548185
0.538656  -0.994909
-0.243116  -1.39155
-2.09086  -2.97506
0.985614  4.69573
-1.12854  -1.21984
0.392836  -0.240492
-1.21893  -0.369084
-0.391426  0.210434
2.36221  -4.52454
-2.60014  1.66516
1.86262  -2.64588
2.45992  -0.00802285
-2.57438  0.684813
-0.430525  -3.47846
-2.69379  3.1302
0.368178  3.15891
1.05519  4.87623
-2.44858  -1.5294
1.61696  -0.930759
-0.178963  -2.8749
-1.85354  -2.36814
1.31815  -0.332361
-0.0853615  2.22674
-0.946095  3.63108
1.05189  2.86159
-1.36302  -2.82712
1.54095  0.132678
-1.71415  2.79757
1.32448  0.483903
-0.131313  1.49553
0.86162  0.0962154
1.28805  0.943905
-1.27947  0.627981
-0.225954  0.128373
1.36845  -4.42854
-1.82075  -5.55082
1.03672  0.730336
-2.72843  -0.438743
2.80083  -0.0467454
0.437927  -0.901708
1.65447  -0.60535
1.71469  1.1071
1.85521  0.750143
1.73461  -0.20446
0.437302  -0.473115
2.35588  24.5618
1.96985  2.37767
2.35399  1.37539
-2.41006  2.55064
-2.25703  1.34644
-0.172344  -0.583369
-1.4784  -0.738685
1.90387  -3.21529
-0.290488  0.288069
-1.22016  0.108897
-0.115738  0.0705202
0.0417649  1.82172
-1.61477  2.53646
1.78734  5.66128
-1.80264  1.19936
-2.91923  -2.25428
-1.25903  -19.5071
1.21205  -0.144332
2.46889  0.502713
0.656257  -6.0065
2.27455  -0.240931
-2.72478  -3.49005
-2.6483  -3.67008
0.745493  -0.922427
-1.84132  1.85757
-2.1097  -1.17812
-0.223267  0.289064
-1.29656  -5.25511
-0.427312  -7.65071
-2.36036  -3.47896
2.32352  0.534127
-0.844141  0.405653
-2.01317  -4.04215
-1.93728  -3.0352
-1.21311  -2.76063
-2.39937  5.96468
-0.948252  -0.0287211
1.04475  5.32926
-1.20178  -0.0190366
0.971928  1.64399
1.0454  1.12747
1.58627  0.730071
1.92957  0.688317
-2.34585  2.82592
2.11182  0.397356
-1.89053  0.609726
2.43132  -1.97347
0.697692  -2.62474
-1.42646  1.5932
-0.257424  0.0258963
2.27454  4.58436
1.99839  -2.41599
0.0506589  -4.21776
1.12717  -3.92976
-1.54595  0.210136
0.35066  -0.215587
-1.4725  0.808052
-2.00358  1.50141
-0.116809  3.31574
1.72047  4.09034
-2.13602  -6.79687
2.70475  -0.996624
0.57486  -3.95136
-0.235544  5.42244
-2.19451  -5.35657
2.79806  2.54561
0.788408  5.79462
2.02975  1.12111
2.53446  0.866498
-2.23831  -1.90101
0.163055  -0.558045
0.344188  -10.2184
2.32864  -2.63098
2.0571  1.65282
0.501006  -4.5607
2.1256  -3.21791
0.468892  2.0754
-2.03015  0.916911
0.263452  -3.05792
1.85973  1.01604
-2.80349  -5.11933
-0.82284  -2.13844
-2.66428  0.790122
-0.138852  -1.90419
-0.991096  -7.26509
0.823001  0.652331
-1.477  -0.71799
-2.55625  2.36949
1.83325  -0.361264
-1.10406  -0.147805
-1.97664  0.548143
-0.417309  1.50069
2.03464  1.09294
0.52511  1.23332
-2.90917  4.02432
-2.07824  0.12455
-0.730946  -1.07155
-2.63709  -2.14775
2.76762  -2.94553
-2.01433  1.67504
1.40598  0.337975
-0.130526  -0.510765
2.03325  8.55397
-0.833407  1.66912
2.70252  -0.776164
-0.0905256  8.38524
-2.8609  1.88703
0.219624  0.568575
1.17432  -0.502275
1.40831  20.5126
1.00703  0.731726
1.61966  4.73475
-2.77015  -2.11701
2.49822  -0.0168267
-0.686287  7.68701
2.29855  1.07446
1.12932  -1.78051
0.526932  8.71882
-0.0197119  2.18835
1.84629  -13.0186
-1.49175  0.0865846
0.0395883  -9.67042
0.492647  -1.97347
1.05629  -3.15313
0.570685  1.38296
-0.323787  0.443566
-1.60251  -1.96141
1.57993  0.08737
2.79634  6.19495
0.922306  -0.489949
2.34374  -0.308852
2.93492  1.46131
-1.66037  -2.91168
0.038388  -1.66757
0.998676  -0.372704
-1.82864  -1.48029
-2.42389  0.755229
-1.80378  0.7666
-0.220662  0.297709
0.792059  -3.03561
-2.77513  7.48331
1.90553  -0.398732
1.83757  0.886085
-0.270816  -1.25658
0.270182  0.0367928
-1.85042  12.3739
-1.37544  0.474109
-2.13304  -7.09572
-1.10589  1.51827
1.31891  -0.619084
1.70095  3.22597
-0.781879  -4.93298
0.208513  32.7767
-2.69775  -0.0805397
2.7625  -0.204623
-0.382162  0.397545
2.27235  1.00164
-1.36323  0.722276
2.38005  -2.09335
-1.27338  -1.13327
2.14077  -1.99839
-0.228428  -9.856
-1.55491  -11.547
2.2073  -0.146015
0.415063  -2.83396
-2.49912  0.699085
-0.475426  0.272069
2.70511  -0.413618
-2.41604  -0.289214
0.794642  2.36664
1.5314  2.1987
-0.174174  20.1048
1.1846  9.51095
2.20735  6.53146
0.468309  3.58159
-1.45381  0.524109
1.02441  -1.12817
1.72327  2.10904
-2.32597  -2.72045
1.66524  -5.88095
-1.81977  -15.9831
1.67265  -6.34321
1.53453  -2.98188
2.238  -2.0284
0.657761  0.864991
-0.629609  -0.84366
-0.505554  2.33955
-1.84909  0.890227
0.813396  2.84969
1.27928  0.0178615
0.960078  -1.22131
2.66708  -0.79499
-2.74438  -7.16653
-0.864957  -2.77626
1.5873  0.709802
2.98261  10.3482
-1.78522  1.61845
-2.24053  0.00876411
-1.83119  3.04121
0.601477  -0.410578
1.13667  -2.20193
1.39204  3.90723
0.891023  0.941894
2.71432  -4.71064
0.608634  5.03531
0.80505  1.8112
2.65081  0.620403
0.880752  0.328662
-1.39169  -1.09203
2.94452  -1.06167
-1.16053  -0.0678905
2.56899  0.833268
-1.26631  8.23795
2.78066  3.1231
-1.62426  -11.565
2.03369  -8.82548
-0.76274  -2.21567
-1.47576  2.32323
-0.431967  3.02303
2.89965  1.10451
-1.41363  0.371494
2.30034  -6.27797
-1.4392  -20.3723
2.54189  0.540919
1.21669  0.0805486
-1.55003  8.13694
1.044  1.8706
1.01868  -6.59438
-0.490888  -8.58174
1.93376  -0.498529
-0.501501  0.118296
1.42173  4.28338
-0.600095  2.58882
1.62122  -0.500763
1.77506  -0.22209
1.36846  0.234749
2.65263  -4.73178
-0.881363  1.94587
0.684869  3.43792
0.103471  -4.26832
-1.63807  -1.73491
-0.649976  0.870929
2.8429  -1.46054
-2.64267  -2.98156
0.0491211  0.609007
-1.04592  -0.78673
2.712  0.0736996
1.28076  0.467913
0.435502  2.55128
1.6329  -1.03384
-0.963683  2.22548
1.05881  2.90517
2.28014  6.66295
2.60576  -6.90288
2.35083  -1.99295
-0.951841  -0.558375
-2.82452  -9.4395
2.13537  0.869642
-1.17123  -1.37865
-0.463857  2.17434
-1.09594  1.01658
1.73509  -1.93439
0.333185  39.843
1.79517  0.687908
-2.21454  2.6183
1.05649  2.31949
-0.875041  -1.8957
2.01179  2.24275
1.29043  -1.84088
-0.256766  -0.164303
-1.06209  -0.398043
0.61256  -2.21018
0.418736  0.608265
-1.29373  -7.99205
-1.07596  -3.16865
-2.8187  0.849887
-2.7288  8.54358
-0.183595  -0.274195
2.09116  -0.209348
2.83534  -2.09881
1.77313  3.72599
2.83052  1.53718
-2.88052  3.61761
2.71575  -5.53849
-2.39092  3.21018
-0.329557  0.640627
-1.51082  -7.23162
-1.48624  14.4429
-0.933264  -0.190396
-0.720081  0.796931
-1.36363  0.821411
0.371612  7.20861
-1.7087  2.79526
-1.91154  -2.11901
-1.76396  -1.06554
-1.62147  1.1715
-2.57828  -11.1441
-1.64693  -0.301489
-2.30069  5.13589
1.69569  -2.55401
-0.988869  -0.519755
-1.95899  -0.485289
-2.7291  12.3601
-2.3584  0.116176
0.765375  -3.0876
-0.457485  1.61796
1.68435  0.631675
-0.964607  17.3563
1.08399  -6.34324
1.76882  3.51026
1.60182  64.659
-2.39898  -13.8676
0.611707  14.84
-1.93038  1.53138
-0.345868  -0.337626
-0.0443022  1.549
0.189116  -0.0204211
2.26917  6.3165
-0.494427  1.2396
1.75891  7.91453
1.76577  -0.325891
-0.0831979  -0.110875
1.47111  -1.15622
-2.38492  -0.440131
2.41135  -0.935149
1.55423  -4.81748
-1.24696  -0.314035
-2.03768  4.83299
1.87232  6.86327
-1.67214  0.141674
-2.18978  6.44973
-0.803728  -5.9668
-1.85584  0.578079
-2.16113  4.32527
0.239965  0.996646
0.362594  -0.649981
-0.94572  -0.2156
-2.33255  -2.24735
1.00476  -2.06608
-2.43988  0.00713539
0.060619  3.77557
1.65779  5.01856
0.131873  -6.47029
-1.97563  -3.95227
-1.89805  -1.48668
0.331563  3.54963
0.348462  -0.958473
1.33474  1.75745
0.978739  -13.5016
-0.428602  -1.19307
0.46726  0.571331
2.5839  1.31972
-0.743131  -3.75384
1.12566  -0.384868
-1.27421  4.26294
1.62108  -9.18287
1.53655  0.394079
0.560325  -5.22712
1.95982  7.9311
-1.98904  0.969823
-2.75443  0.910723
2.10204  7.27173
-2.08715  -0.125904
-0.120599  3.45993
1.67401  0.503842
-1.18876  -1.68051
-2.90298  9.10622
0.552727  -0.663227
0.214693  0.437311
0.998472  -0.962283
1.83703  2.47258
0.932499  0.724242
2.32177  -1.33855
0.516334  1.42663
-2.68768  1.40425
-2.42462  3.34285
-2.42993  2.40576
-0.820755  1.29783
0.748452  -12.769
0.589478  -2.32719
2.79982  -5.59987
1.08807  -2.99387
2.27302  -5.23383
-1.09894  0.020868
-0.892598  1.03627
2.61864  1.47294
-2.82904  0.599736
-1.23309  1.05871
-2.98471  -13.0885
2.51855  -0.927842
-1.16718  -0.912249
-0.0452828  -0.678019
1.48049  -3.35456
-2.52791  0.153628
2.21609  -0.458547
1.3438  0.156915
2.08749  -0.776148
2.81426  0.642182
0.427976  6.5864
2.45183  -0.771718
-2.72024  0.985673
-1.16186  1.12106
0.541894  1.68924
0.645994  0.84039
0.891622  -16.2251
-1.84484  -4.29067
-1.82601  3.86117
-2.10156  -0.363814
-2.09175  -1.39296
-0.380717  0.416635
-1.80707  0.434802
2.69964  -0.148665
1.5671  1.3098
2.82758  -1.60056
0.627108  0.0520267
1.69847  1.29321
1.38786  1.14055
1.17271  -1.03419
1.6527  0.701971
-0.25062  -0.905493
0.796203  0.437635
2.66665  7.84416
0.914489  -0.263602
-1.97397  -0.854172
0.729841  -4.07081
0.860242  0.713291
0.288528  0.310311
0.972094  -5.54682
-2.80909  -8.68881
-1.44578  0.66851
2.14726  0.967841
-2.97428  -6.96647
1.13465  -5.07366
1.78493  4.03857
1.15902  0.897359
2.48549  0.544051
0.663482  -0.275788
-2.54776  7.75543
0.623091  -0.680045
0.850138  1.34402
1.42809  -2.91947
0.0907704  0.682884
-0.406694  0.356921
2.69934  3.59776
1.69908  5.369
2.15283  1.426
2.93467  -1.14524
1.54079  9.45134
0.908972  -3.06736
-0.00858842  0.142314
-1.7378  -1.42892
2.68046  26.1985
0.178716  1.22105
-1.73527  0.389412
-0.271278  10.2325
0.149448  -6.23815
-1.00845  3.43453
-1.37864  -0.367042
1.23289  2.1616
2.62575  3.42449
2.45963  -5.33558
1.34664  -3.38296
1.06135  -6.00783
1.20219  -0.85571
-2.53938  -0.258895
-1.87432  -2.35958
-0.360306  1.8377
2.43049  -15.6113
2.03354  -9.82278
-2.58592  0.402853
-2.12968  0.749283
1.64742  4.36613
-1.22434  1.37371
1.21756  4.80424
-0.0296521  1.15934
1.61841  4.40039
2.33727  -0.766383
-2.00129  -2.1996
-2.22127  -0.81469
-1.71227  2.00304
-1.29654  2.76357
0.0219454  -4.38644
-2.85994  0.338363
-2.61297  5.3018
1.64218  5.70374
0.168038  -0.109918
2.18953  7.38064
-0.815781  0.0605818
-1.50869  6.17194
-1.33848  -0.0747128
0.222534  -3.62227
1.53759  2.15273
-0.258188  1.74855
0.753705  -3.61127
-0.0151824  -1.92109
0.289742  -7.30491
2.56252  1.60459
1.96427  -4.22908
0.807919  3.13503
-2.52506  -1.66779
-1.49675  -4.62427
-2.66027  -0.872645
1.53794  -1.023
0.824078  -4.23223
-0.139062  -0.053487
-0.220219  -2.30424
2.95055  -8.40845
-0.759297  5.56903
0.593091  7.62163
1.35993  -1.54277
0.192068  0.171975
-1.3948  -6.19168
0.257145  3.81239
-0.282938  0.51075
0.454629  8.16522
-1.53781  1.63782
-0.219804  0.16526
-1.59685  10.7618
0.010886  4.09756
-0.92233  3.71724
1.43437  1.27271
-1.43243  1.5389
-1.18487  3.20749
-2.73987  11.6962
-1.76704  1.14588
-1.75597  -11.2523
0.553657  5.84248
-2.98056  -0.162195
1.79304  0.0246815
-2.12557  -0.882837
1.66782  19.7265
-0.150555  -9.24907
0.076918  3.30973
-0.238558  3.72948
-2.36607  -7.01352
-1.22877  5.66162
0.139856  0.640621
-2.00291  0.689012
-1.34824  -1.55905
-0.893253  0.0502015
1.67702  -12.237
0.301626  1.19063
-1.10682  19.3946
-0.648358  1.72727
2.11733  2.15049
0.378079  -2.45041
-0.876182  -0.483419
0.29691  -0.141046
0.0354367  -4.44214
-1.18421  -2.8121
2.91556  1.3708
1.33043  1.9103
-0.912971  0.416408
0.0170792  10.9373
-1.06705  0.224472
0.17805  2.93388
-0.73629  2.38859
2.92026  -0.983172
0.9273  1.12365
-0.186451  -4.26729
-0.65003  2.49422
-0.770384  -1.94054
0.742838  -3.32539
-0.615365  -0.00790388
-2.77859  0.610701
-2.38799  0.71307
-1.87337  -1.9577
-0.920007  -4.57283
2.14392  -3.96983
2.11017  -3.23722
0.365533  0.849454
-2.24236  0.348981
0.860358  0.929563
0.821164  4.24508
-1.72356  1.55674
2.23052  0.0844833
1.43639  1.68744
0.615064  -2.55661
-2.99458  10.6315
2.56643  2.04355
-0.748492  -6.97153
0.450579  0.439837
1.38244  -1.6356
1.19274  -1.18396
-2.35381  12.7009
2.21837  -5.52554
-1.84259  1.21773
1.30295  -2.11934
1.55257  -0.189637
2.68013  -1.09711
1.43223  -5.08543
0.390953  1.51436
-0.380264  0.070931
-2.36223  -2.78833
-0.465118  2.97716
-0.61018  2.99238
2.85439  2.73329
0.620315  -1.64692
-0.140562  -4.24082
-0.01697  -5.93383
-0.968174  0.709995
0.532535  -5.1582
1.38698  0.2093
-0.158475  0.445365
-1.77978  0.133819
0.790018  5.50738
1.23679  1.4093
1.18657  -2.53978
-1.10863  0.585236
-1.1369  0.609956
0.745293  -1.90444
-2.57722  4.74928
-1.1982  4.92992
-0.0376175  0.534089
1.02804  -0.206459
-0.471693  0.775106
-0.918777  -2.73071
2.33009  -0.584799
1.77167  -7.54907
0.791963  -1.08559
2.1371  -6.03165
0.0639973  -5.82231
-2.08528  -2.3059
-2.65689  -4.214
2.54678  7.54274
-0.658657  -2.58401
1.07311  2.12028
0.304497  0.845892
-1.42591  -3.63856
1.48592  1.06104
-2.47159  0.350996
-0.0570639  3.52728
0.526194  -1.13516
0.572116  -0.276243
2.15001  2.11509
0.50359  1.72681
1.47474  0.234195
1.68612  -0.0285849
2.21786  5.03736
2.65612  -0.491173
-0.180979  3.54285
-0.412014  1.17916
-2.17101  1.08692
2.48468  -0.298345
-1.29092  -0.758994
-1.64076  -0.792242
-0.14245  0.139071
1.07572  -1.06745
-0.15844  -1.5377
2.24775  -1.07308
0.846381  6.82434
0.871296  -8.69062
2.18553  16.9669
1.5844  0.911717
-0.351202  -19.6292
-1.44891  5.19135
-0.21294  -1.05328
1.87055  0.442675
-0.647742  2.78445
-0.319487  -7.95177
2.74514  -6.12338
0.738555  0.0869864
-2.56346  -1.83002
-0.855404  0.575688
-0.740067  -0.816112
2.34203  8.08669
-1.45398  0.126354
-2.58195  -0.289634
2.76569  -3.57349
-0.129398  1.8433
-2.36561  11.1152
-2.30217  2.26818
-1.76466  -0.578082
2.35464  0.337494
0.456354  -1.54189
0.614037  3.07694
-2.17416  6.49305
2.98081  44.8367
1.35585  0.494807
1.76941  2.3944
0.0398032  -3.19073
1.81799  -1.80278
1.23439  -0.624142
0.566232  0.896893
0.260186  -1.19995
-2.5281  0.80617
1.77006  -3.08149
-2.49368  -0.0619568
-2.92594  -0.374796
0.948554  0.497149
0.957976  0.310339
0.263787  -9.5545
2.87218  -0.216642
-1.33335  -19.6368
2.76204  4.853
1.01302  -9.00003
-2.76223  -7.35146
-1.40908  -4.69046
-1.16636  -3.48879
2.12519  0.203061
-0.914729  0.828505
-2.81656  -4.14686
2.20443  -1.50647
-2.37342  2.8486
1.43547  -9.67402
2.2065  -20.1513
1.08573  -5.06723
0.255218  -1.914
1.45666  0.0870677
1.7866  -0.182304
-0.93764  -0.907491
0.300413  -0.131923
0.174838  0.853143
0.590481  -1.99456
-0.845953  -1.30842
-1.26449  2.20219
1.49621  -8.44454
-0.56264  10.7862
2.39387  2.31207
1.94051  1.48448
-1.98464  -0.920332
-2.43239  1.00026
-0.556993  0.464997
-1.95512  0.0746749
-2.13018  -0.939969
1.79082  1.1808
1.00979  1.23732
0.929625  -3.03285
2.55556  -6.08176
-0.855481  -7.88918
-2.79085  0.708807
2.88473  4.20598
-0.996389  3.23116
1.73685  6.24196
-1.75067  -0.68177
-2.71024  -12.3349
0.409555  3.18259
1.24721  -0.69572
1.46894  -0.653407
-1.76289  7.26429
-2.9357  -0.437939
1.60448  -1.193
0.455082  3.37133
-0.0518382  -0.408968
-1.01766  5.69394
-2.74396  1.5175
-2.47104  1.20265
1.74333  -5.0802
1.04361  -1.2527
0.878363  3.29605
2.53669  4.56465
-0.722861  -0.364409
2.30577  0.768565
-0.0231531  -0.124628
-1.98297  1.01042
0.460418  0.543981
2.92291  -2.41827
-0.795518  0.152543
-0.364559  1.37668
0.131698  4.51245
-2.59949  2.83778
2.44262  8.22733
-0.090371  -0.138389
1.91468  0.047222
-2.01312  -0.168375
-2.56889  2.57726
-2.64963  -2.8148
-1.59286  1.28612
-0.406223  -0.480109
-2.41136  -0.300807
0.0452854  11.062
-0.746946  1.08797
-2.57211  2.3531
-2.48999  4.25096
1.9308  -2.86043
1.93372  0.0704069
-0.521103  0.476008
0.187364  7.82981
1.07783  -1.09545
0.127193  6.00426
-2.44137  -2.97554
-1.10679  -0.976321
0.20377  -1.11506
-1.43044  1.00667
0.249818  -5.82311
2.15401  -0.656445
-1.0235  0.521598
2.19216  -2.95423
-0.249912  -2.71525
-0.88645  -2.06484
-1.28576  0.0862863
0.48246  -0.890946
0.589896  -2.5102
1.60335  0.101285
-1.86417  4.34284
-0.870998  -1.14353
-0.85655  0.00310716
-0.443596  -3.0972
-0.393654  2.25049
-0.975846  1.10876
1.6524  0.121398
-2.53081  -0.484618
2.47635  1.31446
-1.11202  12.3278
0.774968  -2.25032
1.83615  -2.81436
0.359028  -2.44209
2.11555  -1.58343
-2.37778  -0.44383
-1.69191  1.00084
-0.174519  -4.01567
-0.0375252  -3.79258
0.683242  2.81836
-2.77057  2.72803
1.90299  -10.312
-1.84051  2.71346
-2.91143  -0.685148
1.42145  1.58239
1.656  1.39034
1.68891  4.78813
0.700112  -61.4109
0.610199  0.581022
-1.9149  6.41908
-2.18636  -3.99307
-2.03737  -2.212
0.866397  -0.894581
1.75533  5.53424
1.57616  -0.207927
2.59002  0.373702
-1.69124  -0.851799
0.354391  -1.93516
-1.17363  -5.08898
2.45512  4.79536
1.32707  1.03995
-0.261331  -0.925783
0.405177  1.68559
-0.187205  -4.00559
1.21791  -7.46117
-0.782456  -3.21226
1.83914  1.07067
-0.781471  0.729319
-0.719083  0.603092
1.36995  2.16385
0.207975  11.8262
2.38623  4.65683
-0.712158  2.718
-2.89571  -1.413
1.70686  -1.83963
-2.2709  1.95776
-0.00332151  10.1927
2.21155  -3.17441
0.221761  -3.69153
-2.2227  1.41603
-1.20172  -0.10492
-1.56355  0.72744
1.56898  2.23221
-2.99454  -4.63393
-2.25097  2.83199
-2.21772  3.80742
2.78505  -14.7848
-2.06403  1.23426
-1.61575  -1.86783
0.645411  -0.732166
0.693352  3.64408
-0.393705  0.748965
-0.258464  -5.99819
-1.66894  -7.43645
-0.050307  -2.25905
-2.5264  4.29589
2.44002  1.67087
-2.70839  0.662098
2.18555  -0.0509782
-1.71787  1.9085
0.906569  -0.324114
0.901043  0.178021
-1.6989  -1.20116
1.1801  3.17751
1.34981  3.80036
-1.69415  -6.41066
-2.92546  -2.49741
0.307382  -2.83638
1.52004  -6.36085
-2.85753  3.98913
0.528404  -6.21669
1.56293  1.23969
1.84617  -0.130228
2.14149  -0.684155
-0.920944  0.24676
1.78286  -6.19567
2.90838  3.23589
0.536281  1.08225
-1.64803  0.173322
0.0590094  -0.428637
0.993235  -0.13609
1.98786  -1.25981
1.5584  -1.39515
-0.108503  -1.71564
-2.33554  -1.23159
2.75775  -1.91058
1.54973  0.388828
-1.17395  8.54574
1.71826  0.904634
-2.54937  3.09727
1.65986  -2.97836
0.455031  2.53637
-0.127567  -1.58348
-2.02214  -1.65605
-0.28146  -2.98989
-2.27924  1.84644
-0.389906  0.559853
2.15884  2.9116
-0.340947  0.818852
-0.824836  -1.80022
-0.130339  -1.22839
1.46355  2.43317
-0.415917  -0.0786832
1.05054  -6.65822
1.14213  -2.58782
1.37831  1.09946
-1.29917  3.54185
2.3092  -2.10051
0.0374281  -1.05032
-0.459712  5.76316
-0.335293  -1.02933
2.58428  -2.23089
1.02966  -0.32484
-1.75663  0.617197
0.70124  2.69501
0.897702  -3.62901
-0.464433  -1.886
-0.399359  -4.86021
-0.288713  -1.30296
-0.596091  -4.36572
0.263704  -2.44454
2.37854  -20.3511
-1.50637  1.00845
2.48455  -3.0768
1.82626  -0.603894
2.20978  -3.08094
-2.90149  1.25408
-0.733298  0.316219
2.33505  1.16244
-0.222233  1.71895
-2.80037  -8.30384
1.67104  2.22412
-1.32191  -5.93996
1.14129  3.16884
-0.518402  1.6392
-2.35298  -3.30968
1.14875  5.94985
0.169708  0.377173
2.01499  -5.19143
-1.79277  -1.03754
0.555609  -8.28435
-1.59472  0.193309
-0.441761  0.934437
-1.93462  -3.93208
-0.700898  1.92972
-2.20547  -0.680925
2.75086  -0.376502
2.11701  16.3461
-2.36529  -5.24683
2.3702  -1.08392
0.131651  1.45019
0.463439  0.955895
-1.13956  -0.41371
-2.41266  -0.110673
2.6539  1.37098
-0.195206  -2.00557
-2.29419  -1.38506
-0.32822  2.00991
-2.62292  -0.979004
-2.21777  -0.329681
1.00699  1.46171
-0.0972115  3.89424
2.99566  4.14681
1.96123  3.30663
-0.850825  0.323926
1.74263  0.626993
2.18361  11.054
-1.26714  4.16825
1.67455  0.203514
0.339332  0.132173
-0.0823779  1.51559
-0.463049  13.3916
-0.645631  -1.10359
1.95046  2.70796
0.00201997  -3.23051
-0.550792  -8.51538
0.0645661  -0.428098
-2.78119  -0.239545
2.25158  -1.4292
-1.94348  6.32123
-0.566269  -1.50932
-2.26115  4.53189
-1.77605  -5.08506
0.636954  -0.672759
-0.25891  1.15773
0.404877  -1.57988
-1.52054  1.99998
-1.31936  -10.8146
2.80181  -0.885345
-2.94604  -4.24173
-0.545048  6.49968
1.74781  -1.1096
-2.15375  -4.46072
-1.16109  -3.72331
-0.920758  -1.00882
2.83028  -0.318383
-1.78602  -3.59545
0.209431  1.37663
-0.483431  -3.25961
2.43676  -1.16062
-1.33944  -3.02819
1.95754  -7.91986
2.46673  0.504259
2.26967  2.86191
0.759835  -5.94292
1.81214  3.30641
0.0292127  -9.44437
-1.71061  -6.93853
-0.27198  0.803525
-2.23247  1.62283
2.56886  -1.14374
-2.01717  0.499781
1.59823  -0.191651
0.646134  -0.63913
-1.65  9.01156
-1.6228  -0.768386
-0.519221  -2.07844
-2.00235  -0.724589
2.36328  3.09051
-1.24986  -9.73073
1.06578  2.42946
-2.62945  5.15654
0.578977  -0.0718856
-2.46934  6.89332
2.21242  -0.157608
1.18748  3.69405
-1.1318  1.14184
-2.39004  -2.67997
2.16213  -2.16558
1.63111  -0.0460737
-0.402147  3.19235
2.59972  1.54559
2.24014  -0.163266
2.21785  -0.0873281
0.786306  -1.04909
-1.28986  -0.0546352
-0.693748  0.118715
-2.61873  -0.387597
1.93062  1.41956
-2.28067  -5.3461
2.83233  -2.23896
2.00402  -1.85353
-1.65569  1.28059
2.50009  1.8283
1.36238  -0.512291
0.870004  2.50701
0.0135962  -1.37001
-1.55778  4.80126
2.32143  0.479322
-0.967123  1.71458
0.992359  -5.05493
-2.08258  -0.21173
1.68415  0.33593
1.00792  0.532729
-0.70789  0.0493712
1.10488  -0.79695
-0.800649  -1.41515
-1.90813  -7.04819
-1.66879  0.085726
-2.90981  -11.8796
2.69624  11.6183
2.22282  3.92397
-1.75441  -0.302236
-1.07865  2.58861
-2.04415  -7.31978
-1.79053  0.348521
-1.97323  -3.98983
-2.44977  0.249453
2.81853  -0.147135
0.664202  -1.07857
-1.53966  -9.3523
-0.153666  -0.783113
-2.2761  -4.26728
-2.5366  8.10249
-2.3361  -0.419079
-1.74253  1.32691
-1.03041  -0.657314
1.66595  1.22553
-0.290332  1.07499
1.42975  -3.24337
-2.93309  2.60722
-0.672698  5.55658
-1.18828  -16.4634
-1.60345  7.88501
-0.64479  1.2226
-1.16438  -1.90798
1.06554  0.257257
0.606752  1.87736
-1.227  -3.34608
-2.12664  -0.641628
-1.58261  1.70791
-0.399882  -1.28043
-2.13997  0.117825
1.79751  -0.0232101
0.245659  -0.0380342
-0.277829  -1.2991
0.324401  -9.77893
0.275935  0.419885
1.54931  -0.246281
0.904348  -3.75018
-2.29781  -2.30917
-0.640642  -2.48169
-1.58675  1.17406
-0.784244  0.0312127
2.37231  -6.51683
1.86403  1.1379
0.522553  -3.95005
-0.713268  -1.4267
-1.66984  -0.645002
1.47971  0.171341
1.86671  -4.07227
-1.33419  2.41731
-0.0691286  4.923
-2.54009  -3.71977
-1.49263  -3.40599
0.908169  -1.33914
-1.40898  0.27666
-0.949843  -0.963352
-0.648723  1.02411
1.42823  -1.9827
0.183597  -1.59301
-2.78633  -8.72349
1.61341  -9.19004
-2.35004  -0.949577
-1.72689  -0.18705
-1.74692  1.55657
-0.502586  -3.81906
-0.668434  -0.827484
1.3075  1.14709
2.43701  -2.63604
-1.8557  -1.75385
-2.03028  1.41408
-1.67591  2.61596
-2.53846  -0.654381
0.378068  1.53496
2.73704  -2.32774
-2.26689  2.60852
0.157346  -0.12007
-2.03551  -7.01949
-2.38846  3.56516
0.328708  -1.20035
0.977681  -0.00910758
-0.961285  -1.80507
2.3785  -4.66522
0.788296  1.29082
2.35949  -0.497597
2.95003  -0.776647
0.342328  9.31607
2.1415  1.39984
2.30263  -4.03164
-2.55809  -6.85559
-0.910612  -2.86098
-0.207519  -1.10547
1.75039  2.46081
2.22553  -2.24676
1.61679  10.4206
-1.76796  -3.66391
0.0225113  1.12374
1.08884  -4.18912
-0.731696  -1.47255
1.07285  -0.405589
1.37201  -2.33578
2.15534  -0.82379
-1.72727  -13.7094
-0.652119  -1.56364
0.395925  0.168911
1.99834  -4.15475
-0.139241  -1.03704
-1.72183  1.42019
0.231197  -1.20445
0.644229  -1.28633
-1.61799  1.71297
-0.847343  -1.84824
0.635199  4.25599
-0.882081  -0.409254
1.81454  -0.194112
-2.70119  -2.84985
-0.357404  23.2763
2.57521  2.60953
-0.730152  2.69034
-0.543698  -1.44636
2.32821  -5.7306
1.60281  0.465003
0.651751  -3.16808
-0.0554715  8.29249
-0.0083918  -1.05528
-0.190287  -5.60515
1.60204  4.93304
1.62571  -1.54979
-2.00551  8.59958
-1.89774  1.84596
-1.06928  -15.0726
-2.04679  -0.341584
1.61356  7.2511
-1.58249  1.52139
-1.92944  -1.39693
-0.771342  0.571288
-1.29462  9.24736
-1.97281  -0.87463
-0.314066  3.75339
0.351552  -4.86818
-2.42805  1.37618
1.92555  -6.51572
-1.87662  -0.185096
-0.926873  0.635839
0.621465  0.647059
2.17881  6.30736
-1.06488  0.69842
-1.09548  0.472164
1.21263  -4.55724
-1.31152  1.11608
0.20105  -1.72839
-0.0787199  -7.40887
0.668946  -4.61544
2.45709  0.272806
-1.14186  -3.76506
-1.94309  -3.99171
2.94368  -0.343393
2.31103  2.15469
-2.31673  3.7531
-0.2152  0.233927
-1.94542  1.17881
-2.27791  -1.13113
-2.15233  26.2945
0.334381  -1.05125
0.625074  -2.29857
2.05392  -3.68497
1.72952  2.88625
-1.11416  2.33669
-1.97025  1.69752
1.65844  -4.21688
2.73377  -1.07215
2.96711  -0.0627805
-1.67031  -2.92783
-2.24261  2.47432
-0.981073  30.9903
-2.99622  0.605813
-1.26261  -19.8422
-0.703414  -0.379031
2.72006  5.02551
-0.115136  -0.869301
0.98101  9.76138
2.948  6.7008
-1.40258  5.54492
1.34614  1.64825
2.56052  -1.46565
-0.547583  -1.30918
-0.0412915  0.238217
2.19258  0.848127
-2.54242  -4.32569
-0.661317  0.64863
-1.70999  -0.479746
0.789676  -1.70808
2.75567  12.0466
2.96941  0.303779
-0.386355  1.76365
2.77837  -2.34323
-1.19124  4.33204
-0.850092  7.3124
-2.66916  1.65542
0.405457  -0.165279
-1.15162  -3.36162
-0.248194  -1.15838
1.29833  -2.58639
-1.41521  -4.79795
0.162925  -3.05234
-0.52504  -1.56581
0.186945  0.425019
0.371671  -1.9469
-0.199231  2.44561
2.81564  3.80973
2.87343  30.4969
2.13186  -2.02663
-2.0593  -3.42507
-2.5134  -0.835413
2.67976  0.470805
-0.261389  -2.20459
2.10159  -0.625567
-0.61661  -9.42497
-0.667426  0.553735
-2.3632  -2.76903
-0.982805  -1.23773
-0.242878  3.32652
1.28057  -1.14346
-1.31065  -0.560532
2.17768  0.726477
-0.418448  1.99441
-0.569644  1.91754
1.83842  -0.96211
-1.21122  -0.836922
-1.50234  -0.715563
1.22448  -1.07752
-0.828585  2.39713
-0.77646  -10.7133
2.46771  0.115165
-0.712482  6.23937
-1.05019  0.0579271
1.29124  -1.5039
-0.470744  -1.85278
1.89834  -0.286584
0.772779  -0.350858
0.688993  -0.230368
-1.06849  -0.428611
1.4518  -0.709477
-2.92566  -0.0149684
-0.912557  -0.162035
2.04731  4.11112
0.980749  -0.377277
-0.586866  1.21254
0.621797  -0.483603
0.185989  -0.434363
0.3951  -0.816575
-1.35453  4.13794
1.31334  -0.910458
-0.112652  1.19827
-0.363878  1.8368
-0.562519  -4.43444
2.37447  -0.677873
0.592268  1.10422
-2.49123  1.55272
2.33092  -0.915831
1.65505  1.59299
2.89332  3.95614
0.922519  -1.60547
-0.6004  -5.11483
2.07545  1.19573
0.359558  -3.52209
0.913105  1.55404
1.32527  1.25433
2.65305  -0.825728
-0.673  -0.0640853
-1.12932  1.39748
-0.0878128  3.26523
0.516218  -3.00308
-2.20109  2.83969
2.30761  2.44093
0.780515  -2.42655
0.725746  -1.5776
1.9435  2.75948
1.98985  -0.876647
-0.874778  0.71886
2.06231  1.87336
-1.55735  3.01945
-1.02041  -3.47851
-2.07344  3.95103
2.1473  -10.0455
2.15721  0.439852
-1.02679  -3.59835
0.496327  -1.67257
-0.203857  -0.0902385
2.32316  -3.09383
2.74144  -3.09571
2.82765  -0.516503
-2.25323  -0.794906
-1.27155  14.434
0.938789  1.51487
0.212196  0.86978
-0.315873  0.878225
-0.6187  0.908126
-2.30318  10.9516
-0.451049  -1.05732
-1.41217  -3.32395
0.624213  -6.14776
-0.296075  -7.01477
2.05948  3.1451
0.899237  -3.45415
-0.95867  2.35794
0.857392  -0.174547
-0.169796  0.0780382
2.15208  3.18661
-2.12266  -7.54852
0.381294  -0.375743
0.173924  -0.731868
-1.40525  -3.26849
-2.72511  -2.7107
-1.77181  2.86041
-0.0155474  50.8489
-1.08877  -48.8909
-0.191265  -1.97523
-0.773806  17.0225
1.59869  -1.86202
0.625197  0.786516
1.36144  -1.62979
-1.61995  0.54447
1.90132  0.0772697
0.26112  2.19454
-2.34998  0.778915
2.18055  0.529489
-1.26125  -2.17951
-1.92235  0.866051
1.8683  0.257884
-2.09863  -0.775038
-2.12217  1.0831
-0.598701  -0.409627
2.88964  0.284737
-1.45617  -0.0560374
0.1002  1.12338
0.251528  -0.816712
-1.22405  0.153922
1.17389  4.14827
-0.240618  -5.372
-1.4575  -1.2191
-0.139388  -0.173259
2.51431  3.1063
-0.882099  0.187428
-0.468532  2.49671
-0.749648  -2.85505
-0.09416  0.811042
1.18968  1.56218
-0.0575816  -0.076324
-1.9753  -1.38911
-0.713181  -0.314974
-0.286217  2.30418
0.0369633  -25.5704
-0.197485  0.113112
0.835893  2.59286
2.71244  0.707217
0.230484  -11.1439
-0.835136  -1.92659
-0.916875  -1.6453
2.75993  -0.673535
1.94032  -1.0829
-1.12736  3.65203
1.79376  -0.17356
0.642575  0.488226
-1.28477  -4.72795
2.09892  -0.417506
-0.939586  0.824781
-0.751947  -2.00155
0.0193306  0.178804
-2.09314  -9.86267
-1.54395  1.30557
-1.51939  0.669178
1.18358  -8.64029
1.68191  -0.159614
0.908116  -0.732566
2.91564  0.0827996
0.361259  0.657906
1.11601  2.85488
2.88893  6.88493
2.21745  5.07743
2.47731  0.931431
2.94022  4.76163
2.69134  -2.60157
0.782709  -1.74348
-0.234149  0.393319
1.7832  0.138248
-1.35164  -3.55556
1.0059  -6.36822
-1.19678  -0.862119
0.839296  -0.679987
-1.02323  -1.39299
2.67003  -1.7118
2.40451  -8.92803
-0.243131  7.63447
-1.13154  -1.06831
0.372044  2.04604
1.45639  -7.83923
0.96541  1.57643
0.96621  -2.89384
2.0174  -0.54533
-0.0293739  5.19718
-2.92987  -0.169003
1.4551  -3.24548
-1.43411  0.816461
1.54847  -11.0704
0.609784  -1.50089
-2.26185  0.548859
0.244662  3.46452
1.01586  0.00520456
1.39063  -0.348912
-2.16158  3.89214
2.71664  1.22347
0.169266  -1.27924
2.00807  -1.75821
-2.29954  12.6427
0.270073  1.08056
-1.52736  -0.332989
0.623524  1.12844
-2.00691  -0.876961
-2.31489  0.434031
-1.93937  -0.586493
-2.66853  11.7327
1.09082  -0.817145
-0.416837  1.29671
-1.75866  1.26934
0.243323  -1.67494
-0.54523  -18.9754
1.95891  -0.630502
2.69931  -4.66817
0.763277  8.33449
-2.29552  -2.85186
-0.413802  0.0497748
-0.921561  -1.74345
1.02998  14.4931
-0.718235  3.96276
-1.91728  1.07025
-2.59158  -2.85741
2.44612  -0.0910778
0.430196  -0.744258
1.84463  -1.45384
-0.465599  5.593
0.636758  -5.12651
-1.90836  -2.6015
2.24542  -3.08901
0.0634591  1.60015
1.37906  -6.77503
-2.89159  12.7312
-0.632814  1.64038
-0.0108086  -6.62772
0.77727  -0.900902
-2.97213  -0.208893
0.191623  -0.909745
2.15467  -13.0873
0.184403  0.45272
2.58303  2.08699
-1.22428  -1.41623
-2.92108  -1.11918
-0.554749  -0.388024
-0.0189857  0.76328
-2.06425  0.480359
-1.50991  1.39135
-1.74508  1.10479
-1.97955  -4.96256
-0.0684352  0.730498
0.383401  -0.0536358
2.67199  -3.81388
-0.17722  -0.351156
-2.82662  2.6699
-1.25903  5.10195
-0.896706  6.44896
-0.588947  5.53059
-2.76016  1.68654
1.84273  -10.5832
2.6621  -2.42562
0.604253  -0.554869
2.0812  0.0352091
-2.73522  2.08886
0.246604  3.77134
1.82391  -0.872473
1.25125  -2.98174
-2.14147  0.016113
2.49501  -9.62299
1.2454  0.892543
-2.68125  0.613084
-0.219561  -0.328861
0.505298  3.74469
0.282877  11.8439
-0.153589  0.943589
-1.28544  -2.38894
-2.42965  -6.44099
-1.35102  2.20838
-2.89331  12.2452
0.938539  -4.70008
2.74474  -4.64538
0.160724  -2.63257
0.996457  0.386495
2.05753  -4.26137
2.55569  11.0221
-0.247443  0.442917
-0.348496  -0.688399
-1.58693  -1.16971
-1.29318  -2.52318
-2.97923  -4.24153
-0.515565  -2.80306
1.37072  0.208928
2.17797  -2.35965
-1.77144  -0.715383
-0.743685  0.679835
-1.17073  -4.73546
0.669225  0.693794
-0.950877  -1.98426
-1.79668  -2.22254
2.3265  -1.8118
-1.13396  -1.11453
-2.00781  0.265095
0.927082  -1.9454
-0.461586  0.306989
1.39587  0.50694
-0.763322  -2.13759
-1.55341  3.93424
1.37514  0.287604
0.461942  -11.7616
-0.0255861  -2.44734
-2.57319  -2.83301
0.425094  0.892767
0.462021  7.3195
-0.446  6.92357
-2.96543  0.418876
-2.06905  -1.45725
-0.525868  -1.15309
-1.34865  -1.56535
-1.57886  -2.1459
0.58426  0.198534
1.73151  0.315705
2.91437  2.35824
2.98209  -0.212007
0.67313  0.205566
-0.505461  3.4444
0.610455  10.2412
0.203663  3.42087
-0.224312  -0.10567
1.88214  -0.080038
0.124625  -0.0016355
-0.0814188  1.23601
1.42997  0.324077
1.27658  1.3593
0.302158  0.746981
-1.61852  1.12194
-0.988592  -3.6498
-1.72504  -0.161353
-1.70369  -0.995522
-0.185955  1.55656
1.21066  -1.89963
-1.89847  -7.01535
-1.54335  -0.953059
2.02571  -1.84017
-2.06542  3.17
-2.33677  1.1915
-2.04783  4.64365
0.780565  -1.30728
-0.657991  -9.6901
0.974543  -2.13242
-1.52242  -0.848363
-0.0404014  -2.70376
-0.412293  -3.03347
0.884044  0.132705
2.40287  -2.05783
-1.477  -2.69441
-0.0420503  -1.79521
-1.02368  1.307
-2.6905  -13.7001
-2.50323  -2.01636
1.39096  0.277861
0.756512  -1.78274
-1.39613  1.96293
-2.57721  0.704374
0.671016  3.19707
-2.05983  -0.971697
2.97652  2.74789
-0.0019439  -4.58203
0.596743  -4.02399
0.696698  -0.110658
2.59532  -10.2247
2.97478  6.78339
-1.81865  -4.39702
-2.39786  2.37171
2.82842  -0.746868
-1.35083  -1.02398
-2.04017  0.482764
-0.301213  0.453498
-1.79898  -2.57634
-0.164164  -1.60139
1.12331  1.51882
-0.797337  1.4942
1.74662  1.0992
-2.10706  -2.26623
-2.25334  -0.545676
-2.57042  1.31265
-0.416074  -0.271747
0.139384  -0.98201
2.8269  2.10893
-1.73169  -1.27567
1.95746  5.5219
1.38684  2.84474
0.501428  -1.67341
-2.20907  -2.44831
-1.85699  -2.13353
2.87906  0.592367
0.281308  -1.4751
1.90883  1.71931
1.4685  26.1478
0.80534  -5.30466
2.63784  1.1449
0.2123  2.02172
2.88015  2.51293
2.51761  1.91617
1.76917  1.19313
-1.902  8.13399
-0.262836  0.865417
0.230918  1.12494
-0.289551  3.82586
1.6631  19.9395
1.50773  8.36376
1.16046  -0.372111
2.31891  0.65799
-2.30773  0.680287
0.0527237  -4.07881
2.6764  -3.48599
0.65525  12.4452
2.54836  -0.0721383
-1.66526  -3.54917
1.05698  1.3378
0.358627  3.31912
0.364625  3.94478
-1.3077  -0.97345
-1.48549  12.2904
-1.05213  -2.11121
-1.194  1.19932
2.78035  -5.35199
-2.18679  3.24302
0.836722  -16.9301
1.16779  9.35963
-1.8045  0.601245
-1.62609  14.0225
-2.07616  1.9915
-1.69578  -1.01068
-0.757197  2.52947
-1.10622  -0.0883417
-2.46623  -1.48936
2.22344  0.0431659
2.17203  6.39995
1.37028  -2.32695
0.273362  5.34603
2.25443  -24.0223
2.04199  3.20958
2.68295  2.95244
-0.488893  -5.12164
-2.03813  -8.1107e-05
0.818529  -0.5635
-0.677308  3.01059
-2.16329  4.47453
2.89947  -12.4866
1.35684  -0.366745
0.0424012  1.93893
0.384337  -5.868
2.47651  3.40889
-2.16662  2.50043
0.29182  -0.343973
1.65745  -0.0470895
-2.45098  -5.08808
-0.600561  -5.45377
-0.822028  -1.53499
-0.660195  -0.294991
-0.659645  0.414283
-0.930403  -0.0463893
-2.41148  -8.21419
0.526129  -2.93312
0.171951  0.277118
-1.2905  0.301161
1.68247  -2.56505
1.44519  -0.078133
2.62763  0.585234
-0.0505423  -0.569321
1.60291  -3.33542
0.903417  -1.13995
-1.59751  7.53572
-2.21177  -0.921305
-1.22948  -0.203692
-1.0566  -1.96624
-0.751698  4.83335
1.44765  4.8778
-1.35148  -0.0625614
-0.876295  -0.0433051
0.63192  1.41348
0.0566295  -0.298963
-0.725564  2.52193
-1.69185  -0.0342226
-2.77434  -17.2533
0.176607  -0.354326
0.406295  -0.46344
-2.09555  -9.88974
-2.10956  1.92138
-2.17465  0.0293176
-0.0853197  9.94162
-0.29833  0.793066
1.98292  -0.02937
-1.28362  3.05916
2.19612  -1.59486
0.48499  -0.153398
-2.10506  1.04533
-2.31848  3.5475
-1.81734  7.89831
0.570182  -0.302228
-1.25054  -0.208906
2.12439  -4.29603
0.704589  -2.73113
-1.21518  0.995945
-1.66187  6.62973
-1.86852  -9.76807
-2.32885  -3.61239
-1.71961  1.57814
-0.750423  0.721043
1.43256  46.0434
-1.73799  0.531632
1.06532  -0.0584062
2.20427  0.481592
0.532994  1.43272
1.2883  5.44768
-1.79896  0.927008
-2.18926  39.2167
-1.28172  1.50025
1.00355  2.16457
-1.68498  2.346
1.8331  -1.3542
1.10363  -9.70654
2.11929  -4.01382
-0.252797  6.10265
-1.81059  -0.146935
1.93158  3.06238
-1.7368  -4.4664
-2.68249  -18.6531
-2.20109  1.77732
-2.19176  -3.36829
0.42911  -1.51846
-0.273578  -2.50251
-0.0616816  1.77758
0.784453  -0.079719
-2.67573  3.0853
2.0174  0.874714
1.14866  -6.58129
-1.79175  0.755309
0.928022  -0.421744
-1.64262  -1.7143
-2.81976  -0.85435
-0.0325367  0.593777
2.55908  0.148593
-1.89221  1.11853
-1.49847  0.852029
-1.71387  3.86286
-2.81877  3.11576
0.550224  -0.535217
-0.284089  -0.683037
0.582299  -1.81384
-1.9045  2.82786
2.68592  10.2165
1.30233  0.928237
1.4334  -0.640682
-2.14406  8.74454
0.875082  -1.43226
-1.01821  -2.49813
0.211451  1.11719
2.51435  -0.0088955
2.57405  0.205929
1.89398  -1.43635
-1.26837  -1.14788
2.93701  -0.0649422
-0.608897  3.19639
-2.51179  -0.790815
1.31389  0.986549
2.11825  0.952414
-1.93206  -0.061903
-2.14429  1.88615
-0.617638  -3.4391
-2.41509  0.703846
-0.257728  2.07873
2.04011  -0.310692
2.21149  -0.110368
-1.51754  -9.70304
-1.04689  -1.16716
0.668242  8.58935
-1.49268  0.0705724
-0.897101  0.837965
2.10589  -7.87443
2.33444  11.7504
1.64877  1.86713
2.33049  -2.94777
-2.26547  -10.7757
-2.51435  7.55489
1.44956  6.95502
-1.09475  -0.482913
-2.32526  -0.10772
1.75569  4.60534
2.24937  4.55012
2.84694  -4.51853
-1.23995  0.141307
1.41574  -1.2623
-2.34566  1.35835
0.516775  1.19247
-0.233553  4.25016
0.310069  -2.73912
-2.68088  9.03813
0.517163  0.533706
2.65477  3.25152
2.6925  -2.06853
0.580603  -5.17419
-0.865221  -1.67175
-2.98484  -10.592
-2.99828  1.59066
-0.713201  0.580773
1.85236  0.503721
-0.911107  4.40718
1.99766  -3.50714
-2.47523  -6.43204
-2.31982  -6.00889
0.729944  4.61839
2.73579  0.399026
0.569483  -0.0647758
-1.84841  -1.99231
-2.82531  -0.530695
-0.471634  -2.25928
-2.14739  0.0964954
1.49447  1.25669
0.311581  -0.0994925
-2.38695  -3.72311
-1.08207  9.52876
0.920351  0.020993
0.239522  1.16955
0.331468  2.48748
-0.511082  -0.957615
-1.02373  3.77376
-2.85883  0.393475
-1.34222  2.66423
1.18332  -0.147113
-0.0557039  1.17366
1.72182  -1.59129
0.530416  1.76217
2.70096  0.254353
-0.0527047  -0.397125
1.72531  -0.828941
-1.0676  -0.668841
-1.9809  6.71355
-2.69481  2.99391
1.90945  3.0331
0.244612  0.363694
-1.9948  0.462398
-1.42678  -7.24094
0.234552  2.81253
-1.47384  -1.38033
0.32147  2.13464
-0.911104  -2.66078
-2.86157  -0.0686465
2.60554  -7.30241
-0.817434  -0.553178
-0.582173  -0.929609
-1.39797  1.39962
-2.34668  0.804227
2.66007  4.69724
1.83868  -10.5403
-0.440787  -2.17503
-1.98514  5.90537
2.81342  0.845474
-0.509065  -0.048458
2.5941  0.622531
-2.47288  0.613671
0.0136635  2.60652
1.87824  0.3025
-0.914187  -0.971814
-0.917189  -10.7839
2.49061  -0.221402
2.35785  0.182195
-1.84079  2.21136
1.12445  -0.146927
-1.51339  -1.60914
-1.8755  2.83552
1.35041  0.0777687
-1.89658  0.481289
1.89268  0.645171
-1.51611  1.68864
-2.51596  11.0263
1.00203  3.53889
-0.58297  -0.316063
2.57504  0.876437
1.92867  5.98431
-1.53016  0.188187
2.17081  15.3199
1.04056  -0.280873
-0.0459689  -2.61229
0.499981  0.486156
1.88456  2.10143
2.09164  0.132776
0.977288  0.43108
-1.98941  -0.303619
-2.26419  -0.890228
2.79488  0.832086
0.430069  0.960424
-0.594439  2.11633
2.11701  0.870342
0.528706  -6.72808
2.94074  0.960614
-0.628588  2.39896
1.85911  -0.0253146
2.29991  -1.81241
-0.545437  1.11713
-0.0329043  -1.36414
-0.248256  -5.54352
1.07636  -0.330518
1.78831  -0.996528
-0.0438537  -0.0285442
0.831547  -0.409224
0.254002  4.47506
-2.52411  3.03109
-2.44133  -1.51148
-1.50235  -0.0302871
0.716818  9.3333
0.216118  0.779692
1.36727  -3.2233
2.58162  -0.00675161
1.81574  0.0217123
-2.75098  -3.46801
-0.497109  0.791906
-1.87599  0.444427
1.75773  -0.231904
1.95582  -0.398804
0.152709  -1.47468
0.613054  3.21009
-0.537583  -0.109251
-1.67301  -1.24428
-2.30784  -1.66414
0.863831  -2.92801
-2.13684  3.49778
-0.101251  0.580872
0.711734  0.169701
2.89132  0.401775
1.91879  -5.24984
-0.107316  0.454723
1.21972  -1.33463
2.39562  -5.19952
1.24859  3.48644
1.97349  1.48128
2.63202  2.98604
0.508514  0.385162
-2.23582  -7.94018
-0.840709  2.2363
2.53054  -5.11262
2.58773  6.97504
-0.973824  9.09866
1.13511  -0.156496
-1.96679  7.01165
0.917809  2.20001
-1.46217  -11.7543
-0.271477  0.853545
-2.99002  5.0679
0.745194  -2.03215
-0.0485332  -0.0838258
-0.503817  3.01358
-1.42292  -13.5683
0.193126  1.00822
0.757773  -4.35053
-1.45783  -2.04343
-0.0596535  -0.947739
1.24052  0.259183
-2.47245  -6.08995
0.654402  0.566114
2.2642  -1.38489
2.44354  -0.801327
2.84688  7.97092
1.31499  -0.153716
1.1793  -7.03829
1.56112  1.48309
1.67462  -1.12799
1.57054  -0.118865
-0.835292  15.6335
1.22491  -0.544257
1.11208  -0.488357
-0.327893  -0.0421758
-2.73074  -11.0251
-0.141961  0.885413
-1.05093  -0.322891
0.443656  4.09927
2.49904  -5.83845
0.0662091  -1.70273
0.0401619  -2.53332
-2.15148  -1.94075
-1.62799  2.20372
-1.21653  0.949167
-1.02262  -0.612296
-0.77388  5.46961
-0.716339  1.78766
-0.552625  -0.0835544
2.07345  0.365439
0.919336  -2.15185
-1.07378  -4.39681
0.862605  -2.60798
-0.0540366  0.435724
-0.0967019  4.24395
-2.34537  1.96204
2.14762  5.52619
-2.8122  -7.46043
-2.02796  0.550513
-1.97752  1.79649
2.49164  -3.64157
2.87281  -2.33705
2.29124  -1.54047
-2.42091  12.255
2.03504  2.41999
-2.3856  0.833947
-0.189217  -0.476403
-0.578242  -1.60487
-1.26129  5.5839
-0.201413  0.280989
2.64071  0.29818
-2.80174  -1.08833
0.204748  0.126302
-0.912428  -1.29083
1.77751  0.944258
-1.81087  3.13061
-0.0330582  -0.0716291
-2.99384  0.602994
2.4989  1.6262
-0.378263  -0.104356
-2.25967  -1.66321
0.288848  4.55657
1.90416  0.23262
-2.02915  -2.61842
-0.853579  0.56822
2.43058  -2.44598
1.26043  -3.0701
-0.300272  -0.155044
-2.76975  -0.0987046
1.48615  4.02308
0.000314345  -0.405942
2.06984  7.13555
-1.70602  4.77882
-0.980834  -0.327867
-2.17335  -4.05944
0.128958  8.35253
-1.97047  1.73869
-1.8107  -11.3633
0.484104  -3.12188
-1.14915  1.85805
-1.48261  -0.0133347
-0.243218  -1.39087
1.06864  -1.3969
1.9335  -1.33796
0.302363  -1.70686
1.33302  0.747299
-2.95691  -1.16535
-1.34576  6.78684
1.26979  2.07127
-1.71617  1.27554
1.23057  0.345913
0.287464  -2.48428
2.68754  -3.37172
0.390011  0.0262349
1.51564  5.93819
2.03079  -4.35234
-2.00509  -2.96653
2.84216  0.625892
-2.29736  -9.01631
1.36852  0.23059
-1.47168  -4.23915
2.31238  -0.0956469
-0.0740635  1.20264
2.46386  7.00106
-0.0475628  3.85698
-1.3928  3.31499
-0.665927  0.934179
-0.864858  -0.922181
-0.0283321  0.565015
0.574693  1.72256
0.409578  -1.05046
-0.0617681  -1.47769
2.20177  -1.46497
2.84953  5.84321
2.76578  2.73986
1.81314  3.36796
-0.564755  -3.05592
-0.560755  -3.22312
0.715373  1.63214
-2.9918  12.4907
-1.35837  -3.97697
-0.702859  7.3071
-2.19248  1.10825
0.845635  0.245682
2.80019  -2.6723
-0.427804  1.63116
-2.56692  -3.68411
0.364118  1.63785
-1.20257  -1.56312
-0.283335  0.0691539
0.707528  0.864666
0.0452173  4.30626
-1.53236  3.08023
-2.32936  2.32068
1.3129  -2.72103
-1.77548  -6.8502
0.647995  7.12168
-1.07723  -0.14546
-0.472623  -0.556268
2.16105  -9.49156
1.7307  0.651954
-0.576814  -18.9903
-0.103197  -2.84872
-0.798939  1.47645
2.33363  -5.66338
0.535163  -1.16373
-0.807152  -1.13902
2.78322  -0.606692
-2.23563  1.29068
1.1084  -7.71116
-1.62722  0.498111
2.65913  -0.193027
-1.92451  4.13705
-0.627551  -2.07125
2.60148  -1.73979
-0.480001  2.33318
1.11162  2.13406
1.38042  -1.22011
0.552645  -0.298245
-1.89537  1.2255
1.3172  0.647803
-1.71523  2.3581
2.10127  -1.24771
-0.391782  5.01388
0.465824  5.90066
0.382286  -0.512624
1.10009  -9.35254
0.600851  6.15656
-0.427978  5.63294
-2.64755  -4.96719
2.62285  -1.63073
0.0310261  0.688122
0.332044  2.37387
2.17447  0.364045
1.07434  -16.8773
1.1247  7.21725
-0.320706  2.06936
0.225031  -2.45385
0.771385  -10.336
-2.06582  -0.967952
-0.410136  -5.03919
-1.20403  1.62253
0.240066  0.0755834
0.915933  -4.03653
-1.83231  3.30154
-0.226912  -0.162219
-0.0693497  -1.6583
2.33287  -1.29782
1.04283  -0.664915
-2.95038  0.587293
1.41794  -0.342392
1.32758  -4.75706
-2.22026  0.593355
-1.90548  -3.97687
0.625101  0.41709
1.73739  0.433212
-0.0181545  1.40189
-1.55486  -0.895221
-0.207761  -0.314058
-1.08921  -3.38233
2.82736  -3.50722
-2.18339  6.14587
-2.08703  -3.07352
0.575843  2.20987
-2.7872  -13.6107
2.47496  -4.07796
-2.71414  -3.94981
1.40302  -0.86642
0.974091  5.48021
0.792044  -0.0570518
-1.99297  -0.179924
1.66883  -2.47012
0.400668  -1.84304
1.42645  0.699489
1.37011  1.73684
1.10539  -6.93934
-0.656502  -0.361105
-1.14669  -4.11303
-1.42034  -0.259799
1.31168  0.949361
-2.62263  -2.67171
1.2397  0.821632
-0.631276  0.272589
-1.6933  0.335118
1.51193  0.666841
-1.94555  3.55403
-1.99017  0.461162
-2.29796  3.73997
2.58944  -4.28888
1.31009  -0.437611
-2.59309  -1.50338
0.508918  7.22805
-2.26476  0.7611
2.6535  -0.964119
-0.0878643  -2.65126
-0.451466  9.07852
0.191196  -0.22257
2.32856  0.158264
-0.795005  -1.50128
-0.446742  9.65916
-1.775  -0.586482
-1.66815  0.0776228
1.00488  -1.70831
-1.96035  -2.00601
0.514646  3.69309
0.831961  -3.72163
2.71588  -12.8792
1.27755  -4.48299
-2.79377  3.79715
-1.05179  -0.0988207
-0.3698  -1.79036
-1.44563  0.931713
-0.511876  -7.07635
1.77816  1.26089
-0.409336  -0.855962
-1.87246  3.73805
-1.86042  -0.0306565
0.980539  -1.82614
-0.682083  2.92561
-0.198772  3.09825
2.79255  9.37758
2.51536  -10.16
2.42843  -1.4796
-2.32768  -12.7224
-1.83628  -4.09714
2.27812  -1.30666
-2.12659  -2.38076
2.64635  18.418
0.531632  0.34267
0.770518  6.12254
1.21936  -1.15902
0.126579  -0.0390626
-0.909353  2.41287
-1.82585  7.40469
-1.09519  4.10229
-2.91587  -3.15405
-2.38472  5.31562
2.39787  4.33522
0.138854  0.461739
1.16169  1.5706
0.101761  -1.29109
1.58612  -2.01826
-2.06294  -1.10299
-2.03073  -0.301875
0.114155  -2.23858
-0.626458  -5.93623
1.69645  0.648837
-0.598744  0.0392284
-1.72033  -2.59784
1.20479  -14.5794
-0.357448  -2.77286
2.25183  1.99057
1.78864  -5.72196
-1.50387  -1.03616
2.41826  1.85216
-0.362613  -7.50836
-2.51108  -1.19556
-1.50017  0.815281
-2.28829  9.81315
-0.879024  -9.39317
-0.711606  -1.66161
-2.23568  2.28973
-1.76484  -2.45479
2.10592  0.521606
-2.88246  -4.29499
-0.826162  -5.47381
1.14045  -1.98521
0.494416  0.269577
1.34404  -1.05034
-1.31444  -0.0212108
-1.98217  -3.94117
-0.601591  1.32
-2.2664  1.72817
-1.31112  0.704168
-1.4266  -0.210083
-1.50059  -1.65073
-2.0896  4.0618
-0.335522  -7.88122
-1.82894  4.28034
-0.712133  -0.495393
0.398569  -0.865174
-0.549072  3.83668
0.0997988  0.668357
2.78452  10.7333
0.617393  6.47294
-2.1725  -3.80659
-1.93753  1.72274
1.58265  -6.62984
1.30932  9.95472
-1.38333  1.03699
1.34136  1.97918
-1.02466  -2.66449
-1.2329  -3.68162
2.79985  -1.41409
-1.42393  -1.30308
-0.715849  -2.90758
2.68774  -9.58561
-0.288935  -1.56794
2.33225  -0.162189
-0.0508411  -0.580673
-0.00657464  -0.704652
2.04946  1.41235
0.266437  13.478
-2.73545  -2.4003
-0.13661  0.945581
-2.01001  0.509806
-2.87184  3.48987
0.781359  -1.77057
2.7861  -3.99365
2.4513  0.480293
-2.8162  2.57202
-0.484881  1.36053
0.703255  0.884168
0.651324  7.72448
-1.81496  1.37434
2.47539  -5.41374
-0.147458  -1.81883
0.584398  9.61395
0.777429  12.8913
-0.583525  0.489604
0.323217  4.82376
0.403809  0.80602
-2.77289  3.34419
-0.829878  3.61789
1.95275  8.85685
1.93433  2.80426
-0.23651  0.00783714
-1.57188  2.49524
1.60123  0.40476
0.935562  1.46027
-0.160815  -0.421714
-1.97721  -0.829386
-2.01318  -6.13237
-1.49702  0.187984
-0.85659  -5.70203
-2.4179  0.332646
-2.64091  0.0887701
-2.37307  1.2639
0.0610868  0.867133
1.1497  1.99939
-2.01561  -10.2662
2.57058  -1.97906
-2.78558  -2.82233
-0.982079  -0.0597708
1.29657  2.01601
-1.7246  1.2756
2.41428  -1.04449
-2.03028  18.7
-0.10745  0.237278
-0.740928  -1.28756
-1.95574  12.5392
-2.90623  1.09691
-0.181566  0.629951
-1.59316  -1.16112
1.05882  1.90012
1.95557  0.719402
2.2588  0.290522
-1.17138  1.275
1.96516  -0.262426
-0.215484  -17.2531
2.1254  -7.90522
1.15186  1.21883
-0.651787  -0.587254
-0.355382  -0.162648
-0.0653323  -0.464881
0.106047  0.00230115
-1.4137  0.535533
-2.57487  0.117551
0.378296  -5.29953
2.93401  -5.05956
-0.270585  -1.20265
1.50215  3.04328
2.73417  -0.985034
-1.67641  -0.372528
1.29791  -0.394003
2.31936  -3.92379
1.05888  -5.172
-0.0288511  -0.662627
0.7099  13.0401
0.712979  -0.66311
-2.88444  0.179908
-1.91636  2.02565
-2.00647  2.16119
0.77992  1.34125
-1.17098  4.10721
-1.4015  1.61656
2.64682  -4.34106
-2.38055  -2.98873
-1.86467  -0.0770668
0.334001  2.28996
-0.441877  -2.31457
-0.14005  -0.514042
-0.838855  1.47953
-2.72284  -3.84835
-2.48152  -8.3639
0.117401  -2.02417
1.60781  3.68721
-2.20327  -1.37847
1.17406  -1.40809
-0.370174  0.258717
2.53686  -1.72112
0.504458  0.440672
1.05797  -0.38921
-2.48864  -2.20078
-0.887581  -1.73037
-0.212001  10.0914
1.4667  1.31108
-1.53912  -16.2451
1.03358  2.60856
1.32178  0.316871
2.37715  -13.3711
0.116017  -1.86638
-2.32337  -8.35017
-1.87494  5.03461
-0.996768  -9.94159
-0.29842  24.4589
-1.86531  3.05412
-1.80792  7.0947
1.10306  0.433214
-0.283578  1.14696
1.90899  2.4448
2.68876  -0.0251647
-2.61243  -0.778672
0.457449  -6.57381
2.41739  -6.83917
2.62883  -4.30627
-2.80108  -1.18147
1.72844  0.0415412
-1.7568  -0.505529
2.85924  -0.173843
-1.65817  4.71803
1.76339  -1.32499
-1.73991  -0.515886
-1.146  0.856925
1.11856  -0.627867
-0.434182  4.73785
1.53625  7.56222
-1.53482  -3.32131
1.99008  -9.40047
-0.233896  -0.455984
2.50462  21.9502
2.808  -0.568853
0.373064  -2.26627
2.24616  1.80771
1.8529  1.08593
0.181751  0.596091
-2.17052  -2.34148
0.333709  1.72433
-0.385152  -0.679087
-0.679082  4.36009
-2.20162  -0.296956
0.810071  -3.14834
2.02723  0.984604
-2.40908  -1.44748
-2.11964  -3.66866
-2.91354  1.23367
-0.458727  0.0280336
1.4045  5.6552
1.96508  -2.78491
-0.0470391  -4.68
0.26386  -1.77897
-0.133837  -0.2608
-0.505541  -3.98856
1.4552  10.0455
-1.9705  1.7091
-1.68067  -2.26625
1.25313  1.61375
-2.41344  0.210426
-2.562  0.457678
1.34743  1.37745
2.44979  -2.24433
2.75705  1.56618
0.133738  0.00529384
-2.07304  0.710466
-1.00044  6.4913
-1.42048  0.817356
-2.53441  12.9873
-1.08302  -0.59549
-0.0296948  -0.392641
-1.03797  -13.4111
-1.54716  -1.57447
-2.48737  -9.75967
0.0446507  -0.435629
1.04017  3.49815
-1.66795  3.12506
1.28805  4.26923
-0.57751  -14.3403
-1.73351  3.77531
-1.04607  1.24392
-0.00867255  1.88194
0.753029  -1.45608
-2.52884  0.869193
-0.736143  0.119025
-2.69732  -5.77227
-0.55362  -4.55228
-1.74584  5.5863
-1.32441  0.898499
0.778473  -6.45911
0.211348  0.372967
2.1492  -0.910693
-1.49052  -3.18832
0.898239  6.39074
-0.608328  -1.18195
2.81979  0.467008
0.364513  2.7625
-1.25749  0.531993
2.03598  -0.212919
2.07606  -0.074794
1.94355  1.10702
-0.419851  -1.03698
0.109237  0.101896
0.649941  -6.24598
1.14906  -4.62776
0.257589  -0.369231
2.39434  -0.760809
-2.77911  -0.54082
-1.70013  3.06871
-2.73614  -12.738
-0.372664  2.37772
1.04108  1.3634
-1.8074  -0.0885637
1.02483  -0.458159
2.53403  0.899023
1.91915  1.91327
-0.147189  10.5884
-2.55774  0.878461
-1.35128  -4.58181
-1.15424  -0.0893359
2.74181  9.73964
-1.05429  0.554458
1.21885  2.62343
0.675242  -8.33223
0.511121  1.34819
-2.07214  -0.0704943
-0.928278  1.70974
-0.836998  4.28285
2.31864  1.9523
0.355087  3.57061
-0.0415937  0.0531501
-1.9118  -1.22937
1.77041  4.90045
-2.67766  -3.27109
1.99963  -0.0392134
-0.12669  -2.22182
0.0773422  0.694075
-0.635824  -1.10424
2.59047  -4.73181
-1.5994  0.918816
2.198  -6.11059
1.09029  1.10993
-0.756908  2.631
0.577657  -0.997515
-0.185552  1.17308
-2.77259  -8.06049
2.17048  -0.610983
-2.57912  7.20919
1.11058  -1.77538
2.02334  0.809501
-1.1995  0.662482
-2.27171  -0.245434
-1.25615  -1.07942
-0.631815  -0.294588
0.961079  -0.171586
1.4663  -2.3429
-1.10532  -0.333548
-2.56511  4.81736
0.691843  -2.05821
-1.57805  1.03705
0.441111  -1.76814
-0.224265  -1.04687
-2.28941  -4.69213
0.872767  -0.587773
-2.41128  -3.14796
-2.34186  1.03919
2.47007  -0.891215
-1.47348  -3.75525
-0.768198  5.60336
-0.0105017  4.88304
0.243321  -0.894029
-2.6049  0.333522
2.11339  2.02234
-2.61073  5.37844
-1.38343  0.819111
-0.108846  5.66353
1.00743  0.398418
-1.31949  -0.783879
0.139742  -1.47231
0.524802  2.40095
-2.29567  -2.61713
-2.60165  -4.11935
2.88683  -1.29991
-2.4106  -1.8276
-1.16535  -1.5889
2.44968  2.45595
0.325811  1.33193
-1.4065  -0.912858
1.03576  3.51022
1.57706  -4.81849
-0.899493  4.267
0.552601  -1.39119
2.40632  -8.60374
-0.0493118  2.46862
0.396856  -3.0296
0.361538  3.40106
1.42569  2.96373
0.784221  -2.71954
0.381945  -14.6355
2.58793  -0.281625
0.169543  -4.14948
-1.82143  -1.03989
-2.56111  1.19954
1.16692  0.551492
-1.11172  -1.29521
-1.55875  1.67728
-0.234388  0.334728
1.52511  -2.11327
-2.59685  -2.00526
-0.970927  -0.0780435
2.10718  -10.0902
2.8878  -0.984999
2.16109  -4.98097
-2.85801  -5.60663
1.44072  -0.29453
-0.719784  -2.60364
1.69265  4.17176
0.211807  1.73379
1.81851  0.134848
1.63386  -4.16918
1.59992  -9.23783
2.5418  8.16917
-0.714488  3.48258
2.79796  0.197483
-0.523868  6.65693
1.72603  1.43629
-2.19235  2.45234
-2.60151  5.35834
0.289893  6.50746
2.19229  -4.23467
1.63086  2.22217
0.210009  0.190407
-0.393559  -1.29029
-0.556483  0.0553255
1.69032  -0.055668
0.652169  -0.548833
-2.27529  3.36432
-2.18795  2.8567
-1.78168  2.85733
-1.74032  -1.75617
2.15502  -1.75221
-1.16858  -0.665655
-1.24556  0.597401
2.03512  -0.424474
1.65525  -0.0430387
-1.651  15.2633
2.61871  2.57238
-1.8362  3.32171
-0.0313401  -2.22658
2.47151  -0.266708
0.99544  -1.4788
-2.17871  -1.97123
1.67619  -3.26715
-1.95388  1.45224
0.307023  -5.26995
-2.93902  2.67428
0.24478  -0.579427
-1.90393  -0.00425754
0.233003  -2.08679
-1.63766  0.327136
-0.398241  -3.29462
0.856548  3.37073
0.493026  3.03598
2.45445  -1.46036
0.470141  3.52838
2.02108  0.228001
2.21034  -0.0422103
0.380728  -6.63212
1.70243  -8.30668
1.3011  -2.78537
1.60903  6.67946
-1.41781  0.464325
0.419548  1.68071
-0.195251  -14.3853
2.50021  0.4042
-2.96134  -0.353292
-2.05103  -1.00084
-1.12325  -1.16188
-0.243062  0.0050693
-2.50333  0.61039
-2.93809  -4.17247
1.57308  0.840232
0.75151  -4.88257
-0.783039  -4.89119
-1.98977  1.85626
2.65622  -0.13694
0.741331  -0.8646
1.22874  1.66891
-1.81982  -0.550591
1.95098  3.41738
-2.57571  -3.72751
-2.19016  -0.16123
0.0801887  -0.230053
-2.00859  -0.655867
1.66332  0.0119383
1.70671  4.91291
-2.66883  -1.52897
-0.810704  -2.18206
-0.402257  0.709953
-1.88304  2.78004
1.84109  -3.22004
-2.49982  -2.02027
-0.0670702  -1.87988
-1.56962  -0.238725
-1.21322  -0.456473
1.55015  5.70548
0.501866  0.124685
-2.12113  -0.957616
-2.80099  0.507117
-1.37527  1.12149
2.47729  0.361042
-0.946119  -0.465326
-2.17336  1.34245
1.39185  8.00469
-0.519375  -8.04997
1.68558  0.285061
-1.324  4.6603
2.62832  -0.936559
0.0270696  -1.9968
0.109234  13.2037
-1.45057  1.30492
0.435263  -6.7606
-1.73021  -10.0549
-1.72402  3.7497
1.4951  4.7522
-1.39109  -0.823928
-1.83192  -0.351681
-0.700754  0.958301
2.49363  1.54774
-0.212222  0.792558
0.291926  -2.44228
2.59277  3.87903
0.612738  -1.37314
2.39561  4.74819
0.32585  -1.01087
-1.48398  -0.717278
-1.6072  3.13121
-0.68082  0.730738
-1.59238  3.17582
1.74531  -4.40202
-1.51539  0.570555
-0.694061  -2.48049
-0.30577  2.53206
-2.36903  3.3481
-2.49236  5.33709
1.55203  -9.10873
1.14123  5.8416
1.73281  1.06837
2.45444  6.00416
0.817393  1.80896
-1.01204  -1.67838
0.227533  1.8864
2.18649  0.0775727
2.9799  1.03331
1.4588  1.49215
2.69184  17.0842
-0.679639  2.55248
1.96545  -1.41662
1.2003  2.80782
1.01047  -1.31134
0.537917  -1.76077
-2.22244  0.891111
0.249317  6.61785
-0.341516  1.86614
1.32318  -0.608872
2.50978  0.0152092
2.37186  1.64957
0.0299707  -0.787573
1.19542  0.244264
-0.876049  -0.114674
-0.605452  -0.312078
-2.87841  -1.05261
1.04133  0.370533
-0.194356  0.774983
1.59492  0.787906
1.14788  13.412
1.25071  2.2254
0.907071  0.274774
-2.42517  -2.29403
1.06963  -0.430095
2.58094  0.237646
1.32532  -1.20263
-2.3409  -2.00471
2.82856  1.92358
-2.67312  0.115673
-2.62619  -3.16574
-2.07026  2.1771
2.20836  -1.27217
-1.20733  -11.4229
2.29852  2.357
-0.988025  -1.96803
-2.91409  -2.17553
2.00137  0.59516
1.42017  0.904077
0.518367  -0.369388
2.28184  2.34332
-1.68392  4.48456
-1.21322  -0.153316
-2.20112  -0.503699
-1.72641  -0.799788
-2.55474  2.1482
0.545431  0.0157996
-1.61144  0.179411
1.12694  -1.50267
0.677937  2.24303
1.7413  3.51841
2.3672  -0.891957
-2.70453  -5.67325
1.70393  -4.36162
1.08188  2.08772
-0.914696  -10.7949
-2.27058  2.01316
0.220531  -0.939325
-0.993567  -1.86668
2.24606  -3.55597
-2.957  0.295239
-2.64899  2.10393
1.70928  -5.58882
1.95661  1.63603
1.31733  0.341085
1.01926  0.171471
0.554839  -6.65847
-2.03946  4.72143
-1.32979  -0.331027
-2.44536  -2.41406
2.53854  -4.58167
2.39224  1.63074
1.42798  -0.0124616
2.54877  5.69807
0.984767  -6.4983
2.50013  6.14014
-1.21312  -2.67628
0.330732  -0.0253726
0.85609  3.45908
1.74628  -3.13516
0.868781  2.2344
0.863674  0.540843
-0.64265  -3.4009
-2.21173  -0.30627
0.152171  -0.325683
-0.63888  0.698987
0.887561  -0.417632
-1.30105  -2.71905
-0.412358  2.55185
-0.6565  -0.538971
0.988305  0.081444
1.25429  8.2065
0.190926  -6.97172
1.41151  2.53794
-2.62629  0.248662
1.68055  2.36596
-2.74768  -0.43583
-1.8058  5.40017
-1.94222  -0.911055
-1.97528  -0.409
-0.280612  0.412819
0.983907  2.97476
1.06669  -1.28382
-1.0142  -2.08996
-1.06959  -0.090433
2.6286  10.591
-0.67751  -1.31881
0.475063  -1.54238
0.970627  -3.80577
2.98546  2.36203
-0.459658  2.62825
-0.830003  13.0669
2.46145  5.57183
-0.984468  -3.41144
-0.440318  0.723715
-2.91438  0.180468
1.28339  -0.829927
0.185206  -0.732388
2.00241  -2.81128
-1.34507  -3.68077
2.70681  0.537947
-0.216498  1.79588
2.88569  1.05047
-0.624639  6.31394
-0.240708  -47.1389
-2.4681  -0.59329
2.94002  5.54331
1.36005  0.860678
-1.37776  -3.73131
0.982528  -1.1696
-2.49285  -3.91511
-0.214101  -2.51314
2.40732  -6.11098
-0.342428  -0.815416
-2.86467  -6.91623
-2.42173  4.49764
-0.0434496  0.301811
2.72773  -2.17839
-0.982147  -0.995238
0.685402  2.1693
-0.0149577  -0.499983
-1.32434  0.449208
1.57912  -4.80804
0.160299  -0.35184
-1.80217  -1.77807
-2.25944  -6.00676
1.24664  -1.39528
1.65971  1.15701
2.37714  -4.40108
0.268688  2.17703
0.344826  2.57021
2.05886  -0.467618
1.61922  0.676902
-1.6728  -0.599821
-0.537026  1.25274
0.0809098  -1.15658
-2.17421  -4.24675
-2.69688  -0.751459
-1.95097  -0.351194
1.63578  1.82612
1.64729  -9.48043
2.3575  2.08968
0.77614  0.639921
-0.510764  0.0143025
0.903223  0.417899
-2.76269  11.8454
-0.370954  -1.49522
2.60506  1.08884
0.134755  -16.4515
0.0778095  -2.01893
-2.8373  0.944175
-0.72951  -1.95804
-1.04285  7.71208
0.582665  2.36156
-1.88185  11.122
-2.6224  2.55042
-0.19439  1.30926
1.30855  1.51298
0.703973  0.00770722
0.871058  -0.0809784
1.31126  12.2422
-0.192597  10.0433
1.77016  -0.976307
1.19785  -6.32099
-0.163232  -1.85162
2.22957  0.103694
0.615207  -2.52057
-0.972497  -1.46082
-0.217098  -1.52147
0.593976  -1.05603
-1.79034  -4.48117
0.591178  -2.09059
-2.19231  0.192289
0.779574  1.16512
0.522642  1.2952
0.198644  -2.2264
1.34015  1.79865
-2.96454  0.377918
-1.82474  3.382
2.71967  0.389598
1.94242  2.02294
-1.58438  -6.83943
0.0442127  -7.12624
1.92259  -0.775736
-1.56372  -1.34871
2.78324  -9.00895
-1.84159  0.778989
0.773864  -0.19966
-0.66117  1.21128
2.65449  6.05076
2.04047  1.13441
2.11633  -2.57023
1.51162  5.30202
1.59947  1.07449
-1.95897  3.7772
0.615346  1.22256
-2.40661  1.87255
-1.56828  -1.00592
-2.54024  -3.72747
0.768017  0.64087
0.729675  -3.97741
-2.86546  10.9822
-0.925574  -2.09166
-2.30797  0.950059
0.208187  0.432208
0.300763  -2.27029
2.097  4.4114
-2.41272  2.32374
0.353399  -0.656263
1.17851  -4.38076
-0.079141  -1.12011
1.84931  0.574967
2.5611  -0.895829
0.670728  -5.66928
-0.531385  0.22902
-2.2039  0.42784
-0.209117  6.83449
1.63414  1.50734
1.38531  0.894777
2.30223  -0.78087
-2.1153  -3.66967
0.957817  -0.0779259
2.46349  -4.41367
1.378  -4.55395
1.69246  -7.95462
1.005  0.522907
2.7556  1.78273
-1.42293  -1.78394
-0.157993  -10.9583
-1.39484  0.354481
1.23778  -0.526492
2.68764  7.21295
-1.85055  -4.50714
-1.11895  0.145441
-1.25186  0.0442009
-0.13687  -2.44981
-2.23326  -0.413685
2.08017  -4.76975
-0.285452  0.0634569
2.61522  7.98342
-0.799807  -0.792307
-2.42122  -2.78672
-0.626224  -1.0477
-1.0996  1.0985
-0.309562  -7.47441
-2.85209  2.33454
-1.36281  1.85326
1.22609  -0.693605
-0.306927  5.90411
2.99799  -0.219144
-2.74001  -0.0485798
1.18419  -6.62403
2.85459  -17.379
2.23941  2.80028
2.56857  7.65752
0.701592  0.0142575
-1.1439  1.40735
-1.55901  17.9954
2.20738  -0.116889
-0.649827  2.41508
-0.533176  -5.86372
-1.77608  0.548192
-2.06946  -0.942374
-0.124052  -2.89805
-1.81373  2.18407
-2.26218  -2.05995
1.03942  -12.0748
2.87332  0.681606
0.278403  -9.32533
-1.65392  0.32698
0.119039  -1.62445
-1.06596  4.45864
2.69217  1.44163
0.870934  -1.56562
-1.70067  6.63386
-0.584403  0.506235
-2.35069  -0.297551
-0.478919  1.88061
2.58377  1.42963
2.16427  -4.76594
2.52819  -21.7789
0.424914  0.826657
1.81206  0.0378908
1.06555  0.313882
-2.63022  8.14514
-0.545818  -6.71101
-0.360634  -0.739748
-2.10333  1.20188
-0.977655  0.766125
0.705033  -9.76836
-2.1074  -0.171861
-0.593589  -0.376524
1.79409  1.31464
-2.47541  -1.95287
-0.375415  5.51236
0.172652  -0.13813
1.62863  2.58023
-1.60869  -6.49414
-2.15969  2.89594
-0.463536  2.42094
-0.522066  0.154643
-1.71545  0.139874
-2.37902  0.643952
-1.17227  -1.28481
-2.80039  -0.0710271
0.228739  -4.606
-0.309008  0.457669
1.02092  0.517983
0.339718  4.59574
-1.93556  -6.71566
1.05561  3.59845
-0.891588  0.710408
-0.844802  -0.138679
14.1552  2.13894
