1.30293  -7.09679
1.80116  0.862298
0.516914  43.9569
-1.5968  -2.84924
0.748302  1.55388
2.162  2.21653
-0.276976  -5.03979
1.18769  2.82341
-1.11583  -0.762669
2.99445  8.84055
-1.64398  4.44203
1.93445  0.608263
2.03726  9.25501
0.0438733  2.08842
1.16699  -0.792725
1.42541  0.419589
-2.76022  3.82028
0.43791  0.132208
-2.27901  -0.422046
1.95799  0.0755515
2.19918  2.49954
-1.65496  4.8545
-1.38267  1.62507
-1.40975  -0.675258
-2.44087  -0.183529
-0.121196  1.61562
-2.95304  8.1168
2.03108  -1.89767
1.63914  1.15111
2.50528  -0.138695
2.5386  -3.68744
-1.23757  4.98335
1.89143  -0.177056
-2.37008  -1.56203
-1.8784  0.808001
2.59192  -6.77538
-2.07869  -2.63858
0.395468  2.26248
-0.50538  -1.367
1.89599  -1.91687
-0.0809937  6.2762
-2.06702  1.25791
0.214055  -2.59646
-1.79337  10.3224
-1.4965  1.47231
0.625315  0.0982921
-1.19673  3.7305
1.55504  5.86079
2.46557  1.08808
-1.1708  -2.75813
-1.82721  -0.90286
1.05721  -1.70431
0.926888  -8.76885
-0.0755555  -0.985957
0.776039  -2.74346
-0.747576  -2.71807
1.72225  2.28554
-2.30571  -1.99154
0.70391  -3.2001
0.0919642  0.425857
1.23415  4.72895
1.02488  2.99172
-2.05651  1.10942
-2.90498  0.5714
-0.436576  -12.0286
0.849215  0.603898
-1.19225  -0.0209741
-1.28481  0.37654
-1.99565  -1.6957
-1.39828  0.346949
1.1581  -9.43617
2.73174  -0.254606
-0.561247  1.49797
1.28153  -11.9059
0.86273  0.080921
-0.768668  4.9432
1.68896  -2.19419
-1.84635  7.60181
-2.6152  -1.31172
1.77528  1.14365
-2.11994  0.226142
2.28645  -8.43051
1.02251  -0.726225
-1.2734  4.68002
1.91604  -3.34514
0.605985  -0.224314
1.08794  -1.11283
-0.108202  -0.16794
0.723913  1.36863
2.28832  -1.68817
1.15342  -5.57322
2.51976  -2.16593
2.93738  0.470622
-0.232676  0.858818
0.685942  0.496991
1.08896  -6.4195
-2.2654  3.70285
2.71641  -0.392301
2.39437  1.30368
0.612157  6.01521
1.17963  0.667943
-1.65067  0.863425
-1.10079  -1.83032
2.64139  4.11651
0.270671  2.93573
-0.322448  -7.966
1.24929  -0.752391
-2.33365  -3.15188
0.546328  -1.99452
-1.25258  15.558
-1.02956  0.900406
0.863556  0.690036
2.11312  4.36288
-2.95868  0.695631
-2.36494  -1.17573
-1.68846  -7.65837
-1.038  4.98585
0.980518  -0.690807
-2.37911  3.30759
1.02281  -0.82097
-0.122722  0.020088
2.36084  0.462224
2.56242  5.06157
-0.657564  -0.763845
-1.67536  -1.52279
1.76366  -3.18245
1.41671  -8.78573
0.0344561  0.421713
-0.444148  1.10498
-1.66519  -2.68635
-2.2038  12.2231
0.990148  -5.16313
2.0907  -5.39134
0.100112  0.0516891
0.276267  -0.0887069
-2.09845  -2.98821
1.66397  4.9648
2.03038  1.87895
-2.53914  -2.36478
-0.138733  -0.473507
-0.867707  -2.28855
-0.932913  0.135874
2.53987  1.5492
-0.79838  1.84372
1.03862  -0.432891
-0.386516  -0.92992
-0.202244  1.17426
2.23352  -1.03651
1.36196  -5.24676
1.83239  2.42511
2.63419  -1.60254
-0.587648  -5.025
-1.84982  -0.979162
1.35495  10.4976
-0.644758  -2.86318
-2.32488  -15.8949
-1.08323  -27.5625
-1.39864  2.25799
0.000118239  -2.35906
-1.87402  4.22012
-1.09895  1.35186
2.78445  -2.18004
-1.65179  -1.56356
-2.83403  1.2822
-2.96196  -1.4388
-1.41681  -0.109953
2.9526  -4.92737
1.63621  1.0813
0.498392  3.83399
2.57351  6.5055
2.7238  2.19992
0.360543  -0.129204
2.79557  -0.91473
-1.50573  -1.80958
-0.973271  -0.807264
-2.00858  3.35875
0.541165  1.71621
0.288877  0.531099
-1.04837  -1.76668
-0.36577  -1.68666
-1.08229  0.845007
-1.76373  -4.51756
-1.52336  0.0689011
2.56347  0.822386
-1.44106  2.1822
-2.05291  -0.900887
-1.86532  0.981576
0.704636  -4.75538
-0.475325  -0.278885
1.56401  1.17947
-1.7578  11.5854
2.9395  2.35707
0.787716  1.42291
-1.36516  -0.31405
-0.312645  -8.69341
-0.00681975  -7.91352
-0.452523  -0.884533
-0.408853  -10.8964
-0.388735  -1.49718
-0.845747  4.01494
1.86285  4.57597
-2.33899  9.61761
0.728746  0.470744
-1.92974  1.27605
-0.425295  1.31272
1.9753  0.976671
1.32851  12.9905
0.223768  -0.234276
2.18385  0.893573
0.706692  3.49034
0.166981  -11.4232
-1.23814  5.58821
2.04562  0.20829
-0.697851  0.610627
1.1922  -3.14481
-1.26383  -3.72919
1.48606  0.88183
-2.72688  0.434723
0.557327  -3.96549
1.70625  4.94251
-1.19921  12.9933
1.66679  -4.1265
2.88235  1.11639
1.23007  0.321803
1.66006  4.71418
-1.44847  -12.224
1.46106  19.4924
2.22649  2.46806
2.58458  -0.970882
-0.393949  3.55559
0.446851  0.29215
-2.7942  3.41841
0.830233  -0.515405
-0.446515  -4.24489
1.92083  -5.69945
-0.919442  0.916032
2.80874  -7.56709
1.3983  -0.244137
2.67223  3.82454
1.07353  13.5069
-2.7453  0.698988
2.79694  -0.0562969
-1.25263  -0.00925846
2.68854  -0.439792
0.336535  0.263237
0.0402067  0.815858
0.564827  0.328503
2.45487  -1.24105
-2.58564  2.38522
1.87412  1.75148
0.728966  -0.296125
-1.27634  0.816076
-1.67565  4.37698
2.19236  1.4393
0.23335  -2.48633
2.34155  0.394018
-1.5191  0.0301242
0.994622  0.454608
0.293516  -2.39474
1.72446  -2.38318
2.01563  -2.41068
-2.95151  -0.426905
-2.43449  -1.8277
1.09038  1.47421
0.0796419  -0.894863
-0.565348  0.302226
-1.27403  0.829038
-0.480954  1.5407
0.149232  -2.52942
-1.00262  -0.599355
-2.11661  -8.22724
-1.95546  0.280244
0.0561597  1.40448
2.67392  0.766211
-2.69766  4.08212
1.36092  0.108139
0.839045  -0.111814
-2.67656  -0.196046
-0.0594556  -2.71081
-2.49906  1.77138
-2.32231  -0.543682
0.169757  -5.74401
1.73513  -5.14514
-0.40077  1.52067
-2.3399  -7.62661
1.22063  1.21444
1.4631  0.669063
1.61095  -5.82673
1.56268  -1.44214
-0.264555  -0.834134
-1.7143  4.97915
-1.7085  5.19461
-1.31155  3.80369
-2.098  0.266035
-1.61516  4.2957
1.77723  0.375182
-1.59302  -3.94527
1.84621  -5.38635
-0.0552036  6.50615
-1.40184  -0.591844
1.88438  -0.500676
-1.46319  -0.632296
-1.49766  -1.84152
2.28989  -0.00413865
1.23049  -1.18595
0.688653  1.35909
-2.27579  -0.700801
1.01471  -2.08614
0.0761016  -0.382451
2.98003  -3.06516
-0.0514134  -3.15372
-2.32333  0.335978
0.478891  -0.623666
0.352613  0.935843
-0.464141  -0.312958
1.29321  6.70175
1.63249  -1.01598
2.10796  4.23762
2.19369  -2.57788
0.489252  -0.784242
-1.61952  0.402771
-1.84515  -0.736669
-1.01845  0.474971
-2.14541  1.50722
-0.876146  -3.06623
0.858863  -3.30341
2.82213  -1.22968
-0.861837  1.41409
-2.27796  0.754428
-0.49002  0.507304
-0.0604283  -1.27543
-1.23652  -2.82937
-2.08703  3.15393
-1.07764  -5.20419
2.11317  -1.54337
-0.621955  -3.07829
-1.848  -8.17829
-2.11939  -3.82088
0.497085  -0.94322
-1.48783  -1.19481
-1.79374  -0.256809
1.3677  -0.638129
1.53407  0.705065
1.37821  3.73465
0.961825  -0.529336
1.77194  -1.94449
1.65329  0.879212
0.870956  -3.50984
-0.996319  1.23435
-0.521553  -0.703766
0.122539  3.11788
-1.74609  10.1414
0.0187808  9.96261
-0.23534  -0.945024
0.697987  0.0449001
1.68685  -0.124161
-1.23266  -1.20945
-1.43142  -0.983358
1.22076  1.12931
-1.44427  -0.0820044
2.37142  -1.83186
-2.00636  -2.21222
-1.67535  0.199442
-1.77404  0.592893
-2.3896  -2.74247
0.304362  3.59388
-0.389308  -2.33617
-1.19985  17.695
0.349748  0.27078
-2.3225  -1.48113
-2.46973  -0.381204
-2.19239  4.71204
-1.5209  -2.39822
1.9332  -4.42573
-0.326002  7.49292
-0.980992  -0.8326
-1.38982  -2.77717
-0.271755  -0.408096
2.02564  -0.117837
-0.647724  -5.13783
-0.974643  -3.86525
-2.24548  -0.84505
-2.34697  -7.95162
-1.80376  -0.358595
-0.783063  -1.21129
0.509034  1.81633
-1.48221  0.297309
-1.72334  0.730406
2.58399  -1.70441
-2.99457  3.58025
-2.3751  0.788195
-1.89768  -9.14164
1.13247  7.52511
0.138723  3.88322
2.06077  -4.02597
-0.454811  -2.42117
-1.5814  -0.0439876
-1.29858  3.54954
0.496286  14.8936
-1.14118  3.74003
-1.05682  -0.885256
1.23623  -1.00157
-0.854875  -0.0542567
2.53595  1.33183
-1.15618  -1.85711
-0.337752  -42.135
-0.00977122  -1.95982
-1.62932  10.1144
-1.34678  -0.60542
1.43154  0.4469
0.861283  -6.03951
-2.8108  -4.53935
0.39091  0.838379
0.596016  -1.44576
-0.201878  1.81821
-1.75246  33.2053
2.17985  0.580942
1.77666  1.85854
-0.179123  -0.0802904
0.061542  2.13679
0.998656  -0.737372
2.13858  0.177287
-0.834301  2.16204
-0.631789  9
-2.0713  4.37822
-1.95896  9.40756
1.31892  1.69822
2.32439  0.603023
2.71889  -7.65329
0.591736  2.12919
1.4277  -1.72357
1.27641  -2.2049
0.432876  -3.35694
-0.227417  3.63315
-2.02757  3.18221
-1.54063  -3.47758
-2.5702  -2.74677
-2.19735  0.980403
1.00044  -1.45132
2.08152  2.59827
1.57402  -6.83496
1.30458  0.475471
0.670725  -3.12836
-1.85413  -0.744702
1.60989  -3.44094
0.67665  -0.483741
-1.48084  0.126667
2.16213  1.25368
1.80812  -3.12722
2.81253  7.29637
0.514694  2.75248
-2.96691  29.1769
1.3378  -2.21728
0.670148  -7.28448
0.629372  -0.464139
2.98023  -1.00821
2.4815  -0.586069
1.23067  -0.279617
-1.51868  1.89085
1.03323  1.40602
-2.26021  -0.473873
0.301521  -1.92937
-2.83089  -10.3098
0.372962  0.0933358
1.66818  1.98086
-0.343269  1.75691
-0.978789  8.45499
1.01934  0.299306
1.42781  -25.2627
-0.679448  1.53193
0.104509  -1.0252
1.058  1.16754
1.67857  2.39966
-2.10162  0.538377
2.36815  -0.0374884
1.01023  4.45779
-2.65213  -5.00794
-2.41077  13.7738
0.602572  -0.63942
1.90344  -2.40977
2.28455  1.23308
-2.58229  -1.71411
0.0251189  -0.316852
1.03365  -4.09596
1.31522  7.98371
2.90271  -1.23326
-0.231137  -0.874779
2.56177  5.32364
2.52112  -0.506823
1.1389  -0.78696
-0.147655  -1.35821
-1.58004  -2.52741
0.81479  4.9589
-2.02069  -1.56629
1.17031  -0.199971
-2.04705  -0.370288
-1.02324  0.228371
2.23311  -4.71149
-2.74788  1.74862
1.57883  -2.89281
0.656512  0.0235746
-1.80917  0.562238
-0.333279  -3.37705
-2.92748  3.38122
0.136638  3.40587
1.01501  4.93869
-2.77905  -1.73306
1.25689  -1.0417
-0.044705  -2.73534
-1.56281  -2.18238
1.74662  -0.316898
0.33365  1.93053
-1.42168  4.25209
0.564426  3.32151
-1.01582  -2.51383
2.36206  0.0406536
-1.02535  2.19564
0.87798  0.496437
0.190597  1.33524
-1.96002  -0.224387
0.377129  1.20805
-2.03972  0.812901
0.468043  0.0483045
1.2167  -4.65215
-1.86669  -5.63937
2.34535  0.562519
-0.39747  -0.21803
1.1252  0.0430739
-1.0171  -1.46626
2.29583  -0.531144
2.03999  0.991345
0.566094  1.20661
2.18572  -0.1355
0.918774  -0.356042
2.36684  24.473
1.39182  2.88821
1.98675  1.50502
-1.9343  2.13615
-1.74178  1.12309
-1.01201  -0.714575
-0.68609  -0.630438
1.69908  -3.42826
-1.84091  0.630443
-1.73764  0.178007
0.304478  0.0196416
1.00453  1.34855
-0.703751  1.87327
1.40725  6.43317
-1.66832  1.14529
-2.74182  -2.1172
-1.32773  -19.9561
1.2134  -0.14426
2.09132  0.523445
0.856386  -5.6034
2.39473  -0.223904
-1.90858  -2.64818
-2.59684  -3.60264
1.76644  -0.661994
-1.36135  1.54139
-2.73939  -1.52885
0.132264  0.212225
-1.08199  -4.89501
-0.605154  -8.12601
-2.77721  -3.96214
0.192509  0.682327
-1.46481  0.558148
-2.12582  -4.19648
-2.50398  -3.64756
-1.54313  -3.11625
-2.15159  5.51318
-0.186255  -0.0283947
1.28645  4.89567
-2.11071  -0.0384336
1.71616  1.31462
0.089834  1.43958
2.19034  0.678904
2.8187  0.432174
-2.08706  2.57631
1.45704  0.403237
-2.27428  0.655688
1.99129  -2.25829
1.14923  -2.23114
-2.73463  2.48172
-1.04313  -0.0308274
1.93975  5.10679
2.57206  -2.02
-0.167748  -4.52193
1.61089  -3.36727
-2.46019  0.357642
0.219348  -0.203234
-2.50198  1.18264
-0.602208  0.911725
-0.659506  3.93599
2.08963  3.60423
-2.09355  -6.70248
1.27753  -1.67579
0.0640856  -4.66465
-0.373661  5.6923
-1.9853  -5.00447
2.69579  2.63471
0.884551  5.60708
2.1993  1.03875
2.93313  0.722558
-1.56382  -1.57795
0.819968  -0.507329
0.281491  -10.4358
2.87428  -2.14701
1.98155  1.70309
-0.0178885  -5.42914
2.54878  -2.79312
0.828921  1.84075
-2.35996  1.03775
0.389657  -2.94276
2.69957  0.797232
-2.34796  -4.41627
-1.29954  -2.51574
-2.06292  0.664045
0.23188  -1.6758
-0.665303  -6.50951
1.26746  0.554013
-2.40473  -1.05271
-2.87134  2.64856
2.8795  -0.342068
-1.57209  -0.118877
-0.869951  0.51879
-1.45819  2.18921
2.50638  0.905466
1.0152  1.09446
-2.36593  3.33769
-0.828835  0.136792
-1.06047  -1.2003
-2.76872  -2.24981
2.99696  -2.72478
-1.22668  1.24435
-0.97598  0.441036
-1.62571  -0.772919
2.34645  7.71181
-0.829528  1.66667
1.21657  -1.2359
-0.0604099  8.30364
-2.86796  1.8905
-0.243233  0.627116
0.100433  -0.710136
1.33101  21.0444
1.46739  0.60632
1.87438  4.35981
-2.49679  -1.94838
2.15847  -0.0662192
-0.436901  7.06625
2.05731  1.17564
0.780683  -2.03346
0.591828  8.5296
-0.320244  2.40489
2.04432  -12.1842
-2.37182  0.0209778
-0.111824  -10.1707
-0.0880723  -2.43536
1.10979  -3.0948
0.812493  1.29142
-2.02384  0.856027
-2.30651  -2.49602
1.89329  0.074369
2.41172  7.04108
1.30062  -0.396485
1.61958  -0.435415
2.45204  1.71491
-1.59879  -2.85552
-0.000515487  -1.6848
1.47617  -0.355213
-2.43882  -1.77988
-2.56022  0.798577
-2.88448  1.05252
0.213212  0.248427
0.190878  -3.67651
-2.96433  7.98303
0.844657  -0.70404
2.82453  0.570214
-1.09173  -1.65515
0.789976  0.0850953
-1.9872  12.9564
-0.114015  0.442856
-2.26472  -7.40362
-1.82219  1.93838
0.533676  -0.793461
1.75574  3.1702
-0.996351  -5.2874
0.180473  33.0845
-2.1159  -0.106776
2.06058  -0.188159
-0.385218  0.398277
1.80802  1.20736
-1.09746  0.662921
2.58496  -1.97206
-2.15324  -1.44175
1.86691  -2.19059
-0.117666  -9.5087
-1.51605  -11.4009
2.84598  -0.105857
-0.22226  -3.52953
-1.22446  0.558689
-0.557993  0.281629
1.20994  -0.796934
-0.298525  -0.125439
0.869854  2.30732
2.33142  1.71043
-0.211383  20.3565
1.25908  9.27626
2.40674  6.09555
0.229095  3.88237
-1.84429  0.591621
0.11705  -1.48673
1.31981  2.41213
-1.85594  -2.29739
1.50617  -6.20197
-1.77211  -15.7331
1.49672  -6.72922
1.90056  -2.67284
1.84714  -2.30105
0.158688  1.03396
-1.52906  -1.24296
-0.847783  2.58156
-0.768825  0.563543
0.372241  3.29176
0.499497  0.062578
1.45505  -1.07503
2.44202  -0.880466
-2.43616  -6.47167
-0.612693  -2.58034
1.0837  0.906291
2.82376  10.9184
-0.340469  1.04513
-1.83355  0.00599463
-1.41761  2.65384
-0.927015  -0.473497
1.4483  -1.95217
1.57384  3.68573
-0.0219016  1.21991
2.58866  -4.92303
0.509128  5.21741
0.440773  2.06405
2.57801  0.634579
0.0500335  0.37233
-0.972395  -0.972766
2.32987  -1.31685
-2.23688  -0.020849
1.98818  1.02021
-1.33165  8.41368
2.67762  3.2181
-1.54627  -11.266
2.08867  -8.67085
-0.142584  -1.81255
-1.0834  2.03789
-0.12734  2.70458
2.14465  1.33073
-2.32299  0.379493
1.94759  -7.06864
-1.34144  -19.716
2.46975  0.557975
2.34933  0.143303
-1.72019  8.61841
2.38082  1.24231
1.17396  -6.25738
-0.402237  -8.34047
1.91993  -0.501169
0.722928  -0.0522904
1.52203  4.1325
-0.883676  2.8598
1.04494  -0.585112
2.47422  -0.0883046
1.02195  0.214679
2.51296  -4.96952
-0.603347  1.75919
1.37489  2.73841
0.433126  -3.81086
-0.373621  -1.15728
-0.24035  0.714977
2.24483  -1.71657
-2.55253  -2.9014
-0.0690956  0.621513
-1.47359  -0.866206
0.457682  -0.148917
2.4656  0.305164
0.757344  2.32707
2.17602  -0.82006
-0.701533  2.06694
0.738325  3.22391
2.23483  6.76382
2.74673  -6.58279
2.19531  -2.09777
-1.65662  -0.763896
-2.73009  -9.14643
1.20802  1.12662
0.00267918  -0.882012
-0.655128  2.31868
-0.491556  0.786046
1.09153  -2.34794
0.321172  40.0035
1.79632  0.687688
-1.5502  2.11482
0.750537  2.55568
-1.1808  -2.08187
2.27665  2.0841
1.53656  -1.73066
-0.760015  -0.182682
-1.36835  -0.458463
-0.0175004  -2.68332
0.831414  0.570418
-1.34756  -8.14233
-1.1488  -3.24443
-2.50048  0.811108
-2.46458  7.80847
-0.87073  -0.393627
2.648  -0.208818
2.41293  -2.46451
2.04403  3.40177
2.55473  1.66801
-2.55171  3.26465
2.58039  -5.78862
-2.26211  3.08388
-1.22651  0.855614
-1.32423  -6.7987
-1.35344  13.8222
-1.41513  -0.208784
-0.0526528  0.609765
-0.473004  0.620219
0.115286  7.84924
-1.92198  2.98892
-1.08422  -1.65665
-2.33399  -1.28003
-1.79015  1.26147
-2.51896  -10.9289
-2.89683  -0.355234
-1.93734  4.53817
1.47032  -2.7422
-0.35193  -0.502388
-1.36381  -0.447389
-2.77977  12.573
-2.63134  0.101007
0.811914  -3.04152
0.269879  1.27019
1.37859  0.682006
-0.801825  16.4383
1.23182  -6.02677
2.09014  3.16466
1.59324  64.8438
-2.34035  -13.5964
0.472002  15.5464
-1.34862  1.25158
-0.015117  -0.264284
-0.657493  1.85174
-0.635237  0.066148
2.37496  6.09359
-0.250987  1.15889
1.637  8.23794
2.64816  -0.298197
-1.18267  -0.209469
1.04301  -1.29959
-2.83128  -0.449564
2.29306  -0.974559
1.96813  -4.21772
-1.34258  -0.318432
-2.10637  4.94284
1.70746  7.25628
-2.73376  0.172876
-2.292  6.66758
-0.922521  -6.21888
-2.65641  0.726758
-2.10147  4.242
0.0880917  1.03938
-1.04708  -0.975979
0.853087  -0.0682145
-2.77374  -2.63229
0.877541  -2.16464
-2.87704  -0.0553552
-0.178353  4.06779
2.09815  4.32778
0.0103378  -6.74024
-1.90231  -3.8583
-1.396  -1.27943
0.854666  2.98912
-0.233318  -1.14575
1.7208  1.51067
0.836968  -14.1515
0.580697  -0.950266
1.75771  0.304974
2.72484  1.24278
-0.312304  -3.22954
1.26982  -0.360983
-0.987423  3.89586
1.69596  -8.95986
0.769495  0.546357
0.330148  -5.62344
1.82361  8.28676
-0.925814  0.703995
-2.93329  0.967401
2.00757  7.5108
-2.41765  -0.178024
0.0503366  3.24694
2.07686  0.438715
-1.62282  -1.94721
-2.8605  8.97573
0.197029  -0.740327
1.48676  0.229812
0.156035  -1.21609
2.54283  1.91633
1.72606  0.56761
1.61254  -1.63358
0.951057  1.20829
-2.37391  1.2567
-2.21421  3.10556
-2.65773  2.59878
-0.522692  1.20478
0.864573  -12.2893
0.880048  -2.10184
2.97508  -5.29355
1.09417  -2.98822
2.02154  -5.66969
-2.73799  0.117695
-1.53033  1.33161
2.88673  1.37657
-2.15813  0.519792
-1.25161  1.0678
-2.88083  -12.6488
0.852403  -1.46225
-1.59938  -1.00869
1.68644  -0.538657
2.0278  -2.76969
-1.73175  0.0499659
1.68929  -0.615351
0.961405  0.16399
1.68723  -0.833532
2.41506  0.699227
0.121417  7.28052
1.83434  -0.9083
-0.934206  0.643077
-0.409858  0.949325
0.629653  1.65346
1.30147  0.637131
0.863816  -16.3785
-1.95515  -4.45042
-1.54965  3.50477
0.666438  -0.0649756
-1.71992  -1.22771
0.6715  0.428484
-0.750199  0.221648
-1.28446  -0.289093
0.816665  1.64269
2.21721  -2.01411
0.182039  0.119899
1.51183  1.36785
1.6276  1.024
0.404518  -1.37397
2.58749  0.601442
0.420598  -0.799288
1.70099  0.442083
2.48827  8.32764
0.346473  -0.279599
-2.35559  -1.00559
0.370335  -4.58273
1.76219  0.440004
1.78963  0.143438
0.871791  -5.73447
-2.70388  -8.38939
-2.04343  0.83365
2.37359  0.876599
-2.66008  -6.27507
0.989503  -5.33632
2.33159  3.38573
1.25521  0.880009
2.20454  0.61699
-0.178462  -0.35779
-2.66843  8.06369
1.08655  -0.635036
1.34713  1.08728
1.23437  -3.11557
-0.192204  0.747677
0.128677  0.336843
2.51592  3.81674
1.47197  5.78413
1.12903  1.983
2.34253  -1.43621
1.68107  9.01378
1.22731  -2.76038
-0.821284  0.313543
-2.3696  -1.70237
2.64021  26.5546
-0.0762231  1.32035
-1.06983  0.237816
-0.236178  10.1139
0.00614438  -6.54936
-1.11518  3.54927
0.527729  -0.106153
1.43681  2.0186
2.39538  3.6919
2.29995  -5.61222
1.07312  -3.71156
0.855768  -6.43695
0.614085  -0.951159
-1.95381  -0.146793
-2.1256  -2.54389
-0.144636  1.70074
2.56454  -14.9288
2.06788  -9.71482
-2.15201  0.316242
-1.9246  0.729857
1.55155  4.50654
-0.577598  1.17747
0.958551  5.2592
-0.58787  1.41023
1.47122  4.633
1.67454  -0.948217
-1.04355  -1.60983
-0.782777  -0.645536
-2.3463  2.5347
-0.965577  2.48631
-0.203107  -4.71614
-2.32768  0.219536
-2.64636  5.36251
1.60876  5.76428
0.655041  -0.0247656
2.20632  7.33796
0.8626  0.0184489
-1.50875  6.17206
-0.206131  -0.18562
-0.256596  -4.26255
1.68737  2.05927
-0.453105  1.84025
1.31741  -2.97362
0.259946  -1.76645
0.315688  -7.24174
2.36172  1.73509
1.58135  -4.82637
0.763829  3.18073
-1.47693  -1.24532
-1.43234  -4.5257
-1.45281  -0.668224
0.994763  -1.2383
1.03208  -3.92943
0.269052  -0.0485403
0.249677  -2.01239
2.92411  -8.48186
-0.445749  5.00841
0.671871  7.42436
0.673158  -1.87012
-0.451253  0.220086
-1.23808  -5.88298
0.475052  3.54704
-1.1639  0.782934
0.532706  7.95651
-2.13987  2.00072
-0.968806  0.300564
-1.41879  10.1472
-0.0878976  4.23772
-0.799268  3.55153
0.999963  1.51746
-1.52844  1.57509
-1.07657  3.08321
-2.569  11.0521
-1.53512  1.04168
-1.57824  -10.607
0.678843  5.61011
-2.82245  -0.133732
1.06064  -0.0433622
0.29927  -0.483055
1.77875  19.0073
-0.0617204  -8.97147
0.225752  3.15697
-0.139516  3.59757
-2.52278  -7.39259
-1.31469  5.81451
-0.298417  0.701301
-1.33968  0.63636
-0.930397  -1.31594
-2.03764  0.236083
1.8247  -11.639
1.32747  0.83771
-1.09304  19.3062
-0.394264  1.60736
2.53315  1.90217
0.124699  -2.69111
-1.12914  -0.502123
0.771757  -0.152867
-0.135283  -4.7007
-1.35562  -2.9927
2.5521  1.56133
1.42342  1.86429
-1.877  0.398058
-0.0876984  11.3185
-1.46244  0.191236
-0.556209  3.73572
-0.626388  2.29833
2.48504  -1.06538
1.82366  0.781334
-0.150539  -4.2147
-0.023125  1.99927
-1.04386  -2.10365
0.986907  -3.07144
-0.220619  0.0249937
-2.12016  0.455928
-1.74825  0.537218
-1.41323  -1.70733
-1.13654  -4.90275
1.94754  -4.22182
2.43565  -2.92541
0.647626  0.750748
-2.35351  0.370403
1.28607  0.76175
0.318153  5.00477
-1.16945  1.36192
2.45525  0.0547778
2.04952  1.3871
1.01575  -2.2313
-2.7997  9.961
2.02279  2.49243
-0.633851  -6.71024
2.54033  0.1744
1.55459  -1.52524
-0.10615  -1.80042
-2.29039  12.4335
2.51991  -5.01085
-1.53741  1.11041
1.97632  -1.71798
1.63079  -0.174423
2.58525  -1.13234
1.31818  -5.27984
-0.171706  1.82791
-2.35829  0.253786
-1.96344  -2.46482
-0.288969  2.80896
-0.77337  3.16433
2.62091  2.93543
0.589614  -1.66386
-0.438507  -4.6551
0.101852  -5.70292
-1.31253  0.782539
0.233796  -5.6931
0.550366  0.39424
-1.36446  0.632952
-2.12108  0.185314
1.09759  4.99534
1.49251  1.29695
0.987369  -2.7007
-1.40116  0.657946
-1.4688  0.682679
0.621124  -1.99671
-2.80259  5.10495
-1.14256  4.84416
-1.68483  0.971936
2.93613  -0.30749
-0.64169  0.811185
-1.05046  -2.85232
2.53676  -0.53305
1.63555  -7.89839
1.01186  -1.01797
2.20599  -5.89813
0.0410681  -5.86522
-1.83652  -2.11556
-2.63731  -4.18841
2.28811  8.21799
-0.417101  -2.39948
1.66178  1.77534
1.8194  0.487316
-1.33858  -3.52751
1.88325  0.941216
-2.73528  0.385906
0.235593  3.21883
0.413941  -1.16742
0.886921  -0.25023
1.62624  2.54578
0.987654  1.44159
2.39469  0.0775138
2.33699  0.0393354
2.0566  5.30897
2.65536  -0.491231
-0.428191  3.82511
-1.64581  1.81954
-2.44805  1.18053
1.74029  -0.29916
-1.60941  -0.871587
-2.16669  -0.904764
0.049748  0.128648
0.467059  -1.30828
-0.640787  -1.79882
2.59469  -0.945824
0.609922  7.38757
0.951318  -8.45631
2.2755  16.4652
1.46112  0.952265
-0.284983  -19.2058
-1.24788  4.83925
-1.04887  -1.44024
2.67262  0.400919
-1.01906  3.15787
-0.418548  -8.21745
2.7977  -6.02139
-0.5699  0.096589
-2.04686  -1.52563
-0.586196  0.52182
2.38373  -0.150534
2.43982  7.83033
-0.457835  0.0758408
-2.1569  -0.264845
2.97162  -3.33691
-0.694761  2.16284
-2.3871  11.1967
-2.71227  2.6146
-2.28059  -0.636612
1.85803  0.353348
1.69727  -1.06706
-0.0575512  3.85825
-2.09068  6.32388
2.99867  44.5708
2.53562  0.434045
1.40374  2.67798
0.289721  -2.91465
2.0743  -1.62207
2.73979  -0.45652
0.0737232  1.0073
-0.196374  -1.4099
-2.81556  0.853247
1.52812  -3.31521
-1.08828  0.105466
-2.83417  -0.360917
-0.478392  0.524288
0.796483  0.323476
0.0522902  -10.2562
0.0229413  -0.64624
-1.30201  -19.4338
2.99817  4.4768
0.940166  -9.2207
-2.71693  -7.242
-1.24928  -4.45734
-0.849515  -3.1242
2.86134  0.167997
-1.34079  0.887405
-2.64901  -3.90412
2.12773  -1.55467
-1.91912  2.45559
1.42372  -9.71215
2.15662  -20.4871
0.772621  -5.62972
2.17331  -0.994335
1.65428  0.0685336
1.92936  -0.192217
-1.25047  -0.990812
1.05845  -0.135402
-1.57079  1.40479
1.483  -1.499
-1.51621  -1.60342
-1.38832  2.30889
1.43178  -8.63354
-0.645449  11.0868
1.9865  2.62609
1.57577  1.7062
-1.4048  -0.761399
-1.9988  0.905216
0.275569  0.34994
-1.74592  0.0808422
-2.70037  -1.08938
1.47512  1.27206
0.623252  1.35517
1.24701  -2.72469
2.66914  -5.85512
-0.947124  -8.13219
-2.36016  0.624067
2.77107  4.36929
-1.56629  3.92023
1.75756  6.19776
-2.22722  -0.805677
-2.64478  -12.0729
0.735619  2.84802
0.00577712  -0.858988
1.77682  -0.562982
-1.706  7.12097
-2.34597  -0.378411
2.88614  -0.780527
0.693064  3.11275
-0.550443  -0.419526
-0.958492  5.58716
-2.86654  1.58145
-1.93936  1.06419
1.3692  -5.77075
1.34764  -1.11939
1.35753  2.80171
2.48633  4.63814
0.666373  -0.262852
1.51149  0.963628
-0.371927  -0.0865803
-1.20356  0.721073
-0.00720416  0.646608
2.9982  -2.363
-0.264638  0.104646
-0.845942  1.64756
0.0995296  4.55831
-2.76489  2.98289
2.32059  8.56247
-1.86983  -0.272257
2.31318  0.0308974
-1.29536  -0.147824
-2.5434  2.55531
-2.52878  -2.71398
-2.64281  1.83422
-0.838901  -0.546594
-1.96486  -0.264144
0.207466  10.4799
-0.070953  0.902958
-2.58017  2.3601
-2.55912  4.35161
2.30535  -2.54333
2.25711  0.0880266
-0.310994  0.4178
0.281873  7.59373
1.26601  -1.03675
0.42658  5.42393
-2.6113  -3.16485
-2.33009  -1.54798
0.815638  -0.903982
-2.3757  1.39558
0.192177  -5.9381
2.83291  -0.619509
-1.91803  0.701564
2.1094  -3.04192
0.557674  -2.10308
-0.32683  -1.76689
-0.926397  0.0678653
0.154742  -1.01413
0.281236  -2.79776
0.747737  0.152039
-1.57561  3.9596
-1.43591  -1.43925
-2.03424  0.0966906
-0.531629  -3.17802
-0.306172  2.17946
-1.55424  1.33496
0.646324  0.0821304
-2.53905  -0.486214
2.86931  1.19062
-1.17435  12.5805
1.20237  -1.94077
1.54785  -3.12496
1.16993  -1.83582
1.10745  -2.19529
-2.85013  -0.539538
-1.27926  0.841832
0.0352699  -3.73561
-0.145466  -3.92111
0.502142  2.97195
-2.32245  2.35362
1.89539  -10.3376
-1.95447  2.81638
-2.39951  -0.559264
1.65443  1.49684
2.27567  1.15816
2.06613  4.22993
0.716281  -61.0813
0.139431  0.721937
-1.81585  6.20823
-2.45299  -4.3385
-2.36605  -2.43619
1.35622  -0.741536
1.78144  5.48453
2.29169  -0.112611
1.98649  0.455463
-1.48288  -0.826174
0.724109  -1.73612
-1.36562  -5.42632
2.2308  5.18025
2.03462  0.820829
-0.0044783  -0.848164
0.232169  1.81024
-0.325493  -4.17717
1.05133  -7.87648
0.02258  -2.45538
2.25896  0.921079
1.47809  0.40862
0.223206  0.428112
0.8898  2.52497
0.167158  11.9849
2.12847  5.08909
-0.799641  2.80886
-2.10876  -1.16503
1.25472  -2.12876
-1.58437  1.54652
0.143563  9.71296
2.06348  -3.32223
0.658491  -3.20539
-2.20856  1.4085
0.0229324  -0.0358173
-1.49744  0.705548
1.10592  2.54729
-2.86879  -4.45871
-2.37039  2.9534
-2.5086  4.16507
2.71328  -15.143
-1.74469  1.07121
-1.45517  -1.77512
0.974021  -0.659515
0.45169  3.95892
-0.865895  0.822925
-0.117579  -5.73336
-1.56179  -7.16783
0.280834  -2.01411
-2.05755  3.66464
2.74284  1.54826
-2.18592  0.553527
1.85935  -0.0469827
-1.66242  1.87488
0.186013  -0.397291
0.0285183  0.339558
-1.05035  -0.913624
1.08976  3.27751
2.03974  3.0048
-1.55933  -6.13307
-2.48884  -2.20329
0.0353862  -3.13614
1.61372  -6.15541
-2.4825  3.52992
0.3103  -6.69967
1.2097  1.41796
0.222553  -0.470606
1.45818  -0.901053
1.24185  -0.0589933
2.22046  -5.34786
2.31671  3.93723
0.884465  0.952289
-0.857916  0.0840818
0.459715  -0.357381
-0.0350668  -0.211085
1.40415  -1.49023
1.46591  -1.43848
1.1426  -1.1221
-2.84922  -1.4065
2.23015  -2.26357
1.75969  0.358991
-1.28241  8.8532
1.22055  1.05148
-2.3051  2.87816
2.02865  -2.60956
0.734313  2.31731
-0.776012  -1.95941
-0.731142  -1.02562
-0.46641  -3.17108
-1.72344  1.584
1.12412  0.35226
1.91391  3.14995
-0.532896  0.881664
-1.90253  -2.56841
0.518698  -1.05942
1.8162  2.17807
-1.00353  -0.0117323
1.02474  -6.71339
1.47157  -2.28781
0.958478  1.29506
-1.45754  3.74969
1.71219  -2.56914
-0.542204  -1.32923
-0.0666919  5.03929
0.640498  -0.750302
2.26723  -2.47142
-1.14176  -0.79133
-1.47886  0.558511
0.370621  3.00234
1.11306  -3.39205
-0.863883  -2.11071
-0.125584  -4.45
-0.235021  -1.28508
-0.667579  -4.46862
-0.197902  -2.80044
2.32345  -20.7267
-2.76616  1.53276
2.7738  -2.80437
0.421271  -0.777097
2.80466  -2.51921
-1.85509  0.945669
-2.31161  0.69385
2.08532  1.26691
0.488138  1.40187
-2.63204  -7.84139
1.67972  2.21794
-0.939917  -5.22693
2.17279  2.2455
-0.852082  1.80565
-2.10969  -3.04267
0.988379  6.28048
0.422729  0.343621
1.58699  -5.98232
-1.99197  -1.11605
0.705759  -7.88868
-0.777271  0.0719263
-0.71986  0.980393
-2.04712  -4.07783
-1.09614  2.18158
-2.63215  -0.782619
1.83111  -0.403939
2.02886  16.8332
-2.23937  -5.01881
0.987193  -1.77431
0.657234  1.21332
0.690121  0.901533
0.239877  -0.267165
-0.216833  0.0113889
1.68419  1.80936
-0.605137  -2.31522
-1.34565  -0.976822
-0.0961231  1.83085
-2.28789  -0.877215
-2.67829  -0.305319
1.37446  1.33706
0.154955  3.57096
2.83279  4.35644
1.289  4.12693
-0.0308071  0.153648
2.69905  0.395641
2.23776  10.8529
-1.42037  4.38404
0.379631  0.403252
-0.101886  0.0836962
-0.277122  1.59022
-0.570293  13.8746
-1.09604  -1.30468
2.54988  2.20344
0.00540583  -3.2267
-0.453922  -8.24537
-0.026936  -0.452158
-1.12901  -0.232005
2.81559  -1.1566
-1.86286  6.15483
-0.660656  -1.54803
-1.85924  3.98907
-2.1023  -5.64731
-0.303504  -1.0058
-0.648738  1.28556
0.192717  -1.68592
-2.25029  2.60242
-1.27517  -10.6603
2.308  -1.10411
-2.71159  -3.93166
-0.510936  6.42892
0.725107  -1.43204
-2.47607  -4.97112
-0.698018  -3.22393
-1.20037  -1.13788
1.24427  -0.642661
-1.3789  -3.11932
-0.00788317  1.44849
-0.26564  -3.01178
1.29494  -1.70248
-1.12792  -2.83986
2.08253  -7.58901
1.7628  0.513633
2.69503  2.47489
0.971069  -5.54429
1.45083  3.71373
-0.107282  -9.88904
-1.67353  -6.85617
2.02531  0.44351
-1.75758  1.44386
2.19557  -1.31309
-2.55372  0.50908
1.04286  -0.303443
0.770343  -0.616235
-1.80553  9.48724
-1.04143  -0.66924
-0.0261008  -1.73335
-1.88519  -0.699362
2.08143  3.39125
-1.10191  -9.26156
0.754597  2.65813
-2.19226  4.45689
0.123482  -0.0970315
-2.37899  6.68852
2.58521  -0.105305
1.27071  3.59709
0.0327794  0.767603
-1.51373  -2.02412
2.12  -2.19191
2.51599  0.0699502
-0.739092  3.54759
2.28855  1.73268
2.56561  -0.131318
2.6185  -0.0801031
0.492691  -1.19393
-0.718472  -0.046016
0.631483  0.113624
-1.70415  -0.25551
1.02343  1.91641
-2.16158  -5.14754
2.82188  -2.24799
1.91134  -1.90463
-2.20431  1.52943
2.31166  1.96761
0.109347  -0.925589
1.13617  2.30502
0.282336  -1.21854
-1.53028  4.75923
0.639329  0.824952
-1.66372  2.21831
1.06907  -4.92167
-1.17268  -0.0669285
-0.110306  0.497145
1.42829  0.499099
-0.384603  0.0234573
0.626487  -0.899419
-1.6788  -1.94752
-2.0404  -7.3646
-1.48759  0.0691588
-2.81549  -11.5097
2.62288  11.9081
2.01101  4.20475
-2.97557  -0.522063
-1.37882  2.87551
-1.92035  -7.02304
-1.34918  0.278313
-1.56588  -3.46231
-2.61987  0.289597
2.24024  -0.140998
-0.892736  -1.87558
-1.30674  -8.65273
0.5697  -0.679692
-2.61745  -4.75654
-2.79319  8.83081
-1.90644  -0.3084
-1.45473  1.23651
-0.322593  -0.45834
2.777  0.772629
-0.703704  1.21082
1.06186  -3.66814
-2.12103  1.97486
-0.936552  6.06166
-1.09918  -15.9741
-1.38203  7.33992
-0.212658  1.11736
-2.02831  -2.53882
1.7096  0.256697
0.833984  1.73888
-1.62739  -3.85992
0.748808  -0.414849
-1.37677  1.57061
0.212928  -1.11279
-0.654616  0.187074
2.50645  0.0677883
1.06809  -0.116661
0.605732  -1.03042
0.530558  -9.13055
-0.991158  0.536089
1.23155  -0.312248
0.62585  -4.13578
-2.59055  -2.56896
-0.735078  -2.57419
-1.91703  1.34487
-2.02102  0.20331
2.22724  -6.83993
1.45261  1.33726
0.392971  -4.13949
-1.34758  -1.81919
-0.794624  -0.484762
1.07617  0.140345
1.57949  -4.49583
-0.923022  2.14825
0.154823  4.57448
-2.58054  -3.76936
-1.6102  -3.54627
0.0674509  -1.71781
-0.874058  0.17557
-1.25128  -1.03049
1.01798  0.510154
1.79702  -1.77797
0.578697  -1.43426
-2.87613  -8.99113
1.48664  -9.57962
-1.31516  -0.744808
-2.35286  -0.16361
-2.2062  1.86528
-0.101518  -3.37556
-0.959065  -0.942178
0.823521  1.27435
1.95242  -3.06904
-2.21738  -2.02081
-1.23937  1.08945
-1.37922  2.37219
-1.78813  -0.439323
0.191011  1.61631
2.55689  -2.49542
-2.44758  2.77983
-0.853259  -0.128317
-2.12777  -7.228
-1.76022  2.86677
0.828307  -1.05917
1.31366  0.035644
-1.00112  -1.83029
2.76881  -4.08406
1.09394  1.20712
2.05902  -0.500019
2.59459  -0.927286
0.309921  9.41556
1.49082  1.75249
2.71916  -3.53779
-2.40293  -6.5066
-0.891636  -2.84301
0.156512  -0.931277
1.02876  3.13989
1.86787  -2.51572
1.69369  10.162
-1.46461  -3.29178
-1.27946  1.73314
0.904284  -4.47039
-1.01971  -1.60772
-2.35295  -0.791538
1.07712  -2.60007
1.54591  -1.07771
-1.7019  -13.5952
0.606453  -1.06485
0.282589  0.170889
2.18657  -3.92411
-0.72336  -1.32432
-1.30709  1.27371
-0.575137  -1.48181
1.15263  -1.0853
-1.24942  1.50061
-0.783766  -1.80573
0.371972  4.66801
-2.87883  -0.942098
1.29036  -0.185393
-2.58854  -2.75639
-0.325185  23.0293
2.83545  2.42411
-0.811304  2.76864
-0.479898  -1.42591
2.4997  -5.41331
1.41119  0.464309
0.808186  -3.02349
-0.185541  8.66135
-0.313454  -1.1648
-0.24443  -5.70436
1.50177  5.10787
1.43593  -1.63913
-2.12493  8.96191
-1.70659  1.74963
-1.10486  -15.2521
-1.60102  -0.277607
1.50307  7.51989
-2.16165  1.90764
-2.19945  -1.50552
-0.249754  0.538113
-1.14522  8.78583
2.39722  -0.308838
0.221237  3.16187
-0.0473173  -5.5753
-1.29419  0.994364
1.97967  -6.40067
-1.48353  -0.216352
-0.535092  0.56379
-0.0547257  0.754045
2.45657  5.75115
-1.46654  0.748205
-0.821441  0.473088
0.809521  -5.23182
-1.5121  1.17669
-0.335742  -2.01299
-0.212718  -7.74271
0.644172  -4.65093
1.04735  0.413434
-1.36091  -4.04885
-1.77724  -3.76743
1.93536  -0.556268
2.84183  1.79452
-2.69284  4.26532
0.350513  0.2488
-2.26761  1.31967
-0.654241  -0.62975
-2.11667  25.9836
0.0692828  -1.17072
1.20147  -1.93021
1.60643  -4.27557
1.57781  3.03768
-1.13709  2.35133
-1.68944  1.55991
1.81486  -4.00346
1.75932  -1.38602
1.32231  -0.15519
-2.21101  -3.51057
-1.63876  1.98779
-0.997292  31.159
-2.17504  0.502758
-1.30662  -20.14
-0.125287  -0.282346
2.82663  4.8584
-0.772091  -1.03909
0.924415  9.94329
2.99138  6.60045
-1.03078  4.89703
1.54964  1.52895
1.87914  -1.87575
-0.539867  -1.30642
2.62057  -0.0350183
2.20287  0.844275
-2.74625  -4.62846
-0.580062  0.643486
-0.803367  -0.432769
1.5102  -1.36705
2.69688  12.2876
2.73764  0.362701
0.421137  1.30852
2.79345  -2.33149
-1.72953  5.18223
-0.606773  6.75567
-2.00187  1.351
-0.617591  -0.305404
-0.943019  -3.12386
-0.0538039  -1.11096
1.57185  -2.35319
-1.18096  -4.42519
0.473062  -2.71966
-1.396  -2.06157
0.42283  0.409833
0.623679  -1.81958
1.15702  1.55469
2.30076  4.52388
2.92548  29.9735
2.52761  -1.77224
-2.06016  -3.42596
-2.03032  -0.756812
2.79979  0.450393
0.588868  -1.69772
2.40504  -0.612789
-0.479141  -9.00601
-2.15546  0.975223
-1.79991  -2.25804
-0.535003  -1.12512
-0.0398688  3.10818
1.73556  -0.988342
1.19447  -0.498198
2.72823  0.591622
-0.514523  2.06741
-0.230215  1.72749
1.26787  -1.17811
-1.92872  -0.988126
-0.816813  -0.497864
1.38568  -1.0445
-1.04957  2.54862
-0.766539  -10.6769
1.81833  0.0695917
-0.577159  5.97613
-0.652201  0.0692717
1.78775  -1.27871
0.22569  -1.46846
1.08232  -0.313581
1.01065  -0.312288
-0.206943  -0.207842
0.248926  -0.166576
2.45949  -0.483303
-2.77481  0.00475775
-1.37493  -0.161848
2.287  3.77462
-1.19887  -0.573149
0.479473  0.822892
-2.00364  -0.912123
-0.498889  -0.593881
-0.509729  -1.0928
-1.38614  4.18341
0.787385  -1.09865
-1.62183  1.97664
0.483216  1.44842
-0.382678  -4.16916
2.15155  -0.713792
-0.531092  1.58231
-1.50639  1.16846
2.97225  -0.725378
2.45727  1.23582
2.68144  4.24106
0.182948  -2.09747
-0.278268  -4.58848
1.31964  1.62234
0.475849  -3.39579
1.26206  1.39121
1.73185  1.15274
2.09097  -0.958301
0.999511  0.0319408
-1.97844  1.92689
0.294505  2.87162
0.30718  -3.24434
-2.56805  3.2118
2.47215  2.28923
0.902156  -2.32311
1.52616  -1.25598
1.51888  3.20944
0.834297  -1.26124
-1.30703  0.843201
1.24986  2.4213
-2.08977  3.59206
-0.720256  -3.12219
-1.48774  3.23497
2.09042  -10.2399
1.7008  0.544497
-0.513295  -3.05077
1.3753  -1.2491
-0.690555  -0.100711
1.86175  -3.58524
2.56414  -3.29981
2.59271  -0.562729
-1.69439  -0.599316
-1.2235  14.2032
0.620656  1.72707
-0.495484  1.0384
0.200594  0.716676
2.82324  0.209679
-2.3171  11.0025
0.28207  -0.831663
-1.18551  -3.05804
0.655975  -6.08001
-0.24037  -6.88484
2.11387  3.0881
1.40969  -2.90821
-1.33533  2.63607
-1.91094  -0.19215
0.316143  0.0962485
2.32842  3.00235
-1.81054  -6.79699
0.0336447  -0.444798
1.5229  -0.390461
-1.61931  -3.48103
-2.97137  -2.93206
-0.962406  2.22098
-0.0404864  51.2743
-1.11247  -49.279
-0.894961  -2.51804
-0.699356  16.6073
1.24679  -2.12633
0.0319657  0.980828
0.956189  -1.89273
-2.00709  0.644726
2.21178  0.104978
0.420532  2.08929
-1.60731  0.609611
1.10733  0.811288
-0.549147  -1.72693
-1.51398  0.773994
2.22524  0.192514
-2.22001  -0.788327
-2.98174  1.36131
-1.60126  -0.563171
0.044905  0.871898
-0.69622  -0.0353742
-0.281373  1.28321
1.91068  -0.488939
-0.284295  0.214311
0.797495  4.71032
-0.449042  -5.74751
-0.227852  -0.868492
0.43419  -0.0784475
2.02807  3.61884
-0.420639  0.153924
-0.248481  2.32387
-1.18961  -3.28752
-0.724471  0.935823
2.48963  1.04142
-2.47606  -0.46117
-0.559758  -0.88652
-1.60661  -0.342651
-0.700867  2.62421
-0.0258663  -26.1112
-1.2195  0.133492
1.80543  1.88585
2.90719  0.691077
0.199214  -11.2628
0.0126525  -1.4938
-0.173424  -1.33881
2.8916  -0.641459
2.53253  -0.91487
-0.643326  3.11813
0.742407  -0.2159
1.527  0.29099
-1.12307  -4.46814
2.69797  -0.362787
-1.28084  0.96726
-1.06981  -2.25784
0.368422  0.115167
-2.18879  -10.1868
-1.16668  1.16752
-2.58482  0.940022
1.07392  -8.96695
0.726951  -0.100326
1.18386  -0.668181
1.30276  0.0265028
-0.737366  0.773808
0.960955  2.99691
2.64595  7.47719
1.97681  5.50962
2.07325  1.05073
2.80502  4.99192
2.89906  -2.41785
1.07212  -1.55055
-0.577467  0.468977
2.33509  0.0408904
-1.27381  -3.46508
1.27363  -5.81594
-0.194541  -0.631209
0.00389599  -0.975311
-0.336704  -1.07769
2.84102  -1.60178
2.21615  -9.5124
-0.353324  7.90904
-1.02537  -1.0206
-0.0833917  2.40471
1.31943  -8.20557
0.559585  1.80708
1.47721  -2.43868
1.50123  -0.635975
-0.292565  5.65368
-2.40412  -0.179231
1.16904  -3.56814
-0.97046  0.746214
1.3689  -11.7663
-0.166204  -1.85568
-2.17544  0.527816
0.0717722  3.68156
1.69145  0.00708829
0.904712  -0.420957
-1.96385  3.65006
2.3578  1.36437
0.727669  -1.0691
1.4703  -2.09831
-2.39918  13.0688
-0.421287  1.3979
-2.48241  -0.364599
0.322876  1.28611
-2.41073  -0.949758
-1.88895  0.336496
-1.58686  -0.529267
-2.69667  11.8408
1.41228  -0.731896
0.150806  1.02487
0.0564171  0.644029
0.907149  -1.38037
-0.592973  -19.2746
2.42883  -0.496654
2.46271  -5.062
0.898619  7.95847
-2.93687  -3.56109
0.396919  0.0131791
-0.669409  -1.63262
0.932898  14.9715
-0.501894  3.66765
-0.615171  0.816593
-2.36768  -2.65854
1.8362  -0.145646
0.292038  -0.758763
1.54729  -1.61652
-0.439725  5.54204
0.427936  -5.48015
-1.47489  -2.26077
2.37404  -2.94847
-0.420382  1.8323
1.20051  -7.1738
-2.71289  11.9881
-1.22137  1.99225
0.320287  -5.93847
1.71989  -0.743665
-1.05781  -0.154008
0.0925175  -0.956286
2.15506  -13.0856
0.686415  0.349301
2.21528  2.36572
-1.66214  -1.63882
-1.81349  -0.694331
0.307458  -0.250062
0.438525  0.706461
-2.51  0.61621
-1.38048  1.35036
-2.14067  1.28622
-2.19616  -5.35125
-1.78951  1.15772
0.551039  -0.0676147
2.2009  -4.43895
2.43222  -0.255471
-2.5302  2.43548
-1.10261  4.83161
-1.07761  6.8644
-0.456175  5.29869
-2.38917  1.53181
1.74629  -10.926
2.98538  -2.16607
0.668643  -0.536401
2.3645  0.00768626
-0.936816  1.12477
0.447367  3.50646
2.45842  -0.719149
1.11375  -3.13363
-1.944  0.0153637
2.47031  -9.70135
1.25748  0.889056
-2.50555  0.5656
-1.02214  -0.502551
-0.037706  4.47553
0.320539  11.6963
0.41538  0.759
-1.79537  -2.80982
-2.22243  -6.00794
-1.24265  2.13651
-2.89703  12.2602
1.16611  -4.35057
2.65727  -4.78755
0.054272  -2.71376
0.0238487  0.405936
2.44495  -3.76592
2.71915  10.4335
-0.994147  0.599939
0.158418  -0.597548
-1.34304  -1.04544
-0.828932  -2.19049
-2.74244  -3.91525
-0.432259  -2.72021
0.131657  0.242531
1.55607  -2.94652
-0.754519  -0.485978
-0.129571  0.50238
-1.26692  -4.88129
-0.251731  0.926229
-1.10473  -2.07088
-0.952179  -1.66086
2.4362  -1.75329
-0.921863  -1.03695
-1.29114  0.215531
0.559212  -2.19453
-0.84068  0.287533
1.81058  0.419581
-1.29251  -2.51849
-1.15756  3.46748
0.77312  0.283698
0.41298  -11.9559
0.23583  -2.24864
-2.88125  -3.13305
0.60362  0.864023
0.289741  7.75129
-0.344871  6.70325
-2.84766  0.40633
-1.56096  -1.23419
-0.116618  -1.05826
-1.54393  -1.69205
-0.614329  -1.56147
0.982591  0.12779
2.0462  0.294234
2.99482  2.28529
2.97797  -0.212264
0.524959  0.209921
-0.419553  3.35992
0.898193  9.30171
-0.27172  4.03575
1.60029  0.101873
2.21252  -0.12135
-0.509043  -0.0949579
-1.16832  1.71219
1.76392  0.333093
0.588675  1.68569
-0.794397  0.989904
0.195924  0.684873
-0.434151  -3.0525
1.62466  -0.00623162
-1.19598  -0.838999
-1.01872  2.12511
0.921003  -2.05915
-1.76977  -6.73087
-2.16408  -1.17967
2.4909  -1.57353
-2.48093  3.6106
-1.21837  0.813476
-2.34643  5.11341
0.214354  -1.56529
-0.695946  -9.81403
0.729431  -2.29829
-1.70626  -0.908558
0.52369  -2.27909
-0.796463  -3.43286
-0.108044  0.207445
1.93968  -2.40849
-2.23714  -3.4451
0.417974  -1.57084
-1.58606  1.56177
-2.75839  -14.0196
-2.05067  -1.75705
2.41402  0.272464
0.584895  -1.89544
-1.28908  1.90028
-2.69868  0.731753
0.664333  3.20415
-2.31813  -1.07947
2.5707  3.16855
0.239358  -4.20621
0.714209  -3.88045
-0.380035  -0.0367691
2.77689  -9.61978
2.92287  6.90796
-2.11623  -4.87412
-2.67214  2.62157
2.6677  -0.76623
-1.04315  -0.925599
-1.71734  0.444322
-1.3546  0.633723
-2.10886  -2.84474
0.060993  -1.48647
0.867619  1.67096
-0.441753  1.35311
2.82365  0.844914
-2.31908  -2.4014
-1.93395  -0.531998
-2.41937  1.25753
-2.24712  -0.217697
2.26331  -0.563395
2.83478  2.10402
-1.46522  -1.13923
2.25965  4.98567
1.52168  2.70207
0.944132  -1.45233
-1.54664  -1.92904
-1.56907  -1.97698
2.66758  0.660482
1.47675  -1.04788
1.34848  2.04976
1.44048  26.3925
0.704946  -5.49445
2.61  1.152
0.513415  1.79765
2.59571  2.7259
2.68895  1.82717
1.25505  1.45499
-2.12754  8.76569
1.39975  0.625478
2.01191  0.603682
-0.159999  3.65628
1.57446  20.5391
1.30121  8.96274
1.7741  -0.281041
1.24231  0.839355
-2.85719  0.887657
-0.175547  -4.37925
2.51814  -3.6831
0.569576  12.8096
0.860431  -0.338047
-1.92621  -3.84092
1.40427  1.22157
0.196677  3.52267
-0.244792  4.83691
0.823596  -0.462473
-1.62476  12.8794
-1.47475  -2.37616
-1.61245  1.32873
2.96147  -5.04735
-1.87126  2.95043
0.737741  -17.4915
1.3724  8.74179
-2.88921  0.80787
-1.61512  13.9716
-1.74037  1.78655
-0.145529  -0.649178
-1.03606  2.7961
-1.12209  -0.088811
-2.14873  -1.36223
1.58846  -0.0514074
1.76225  7.33943
2.16531  -1.74834
0.228114  5.42368
2.24774  -24.0759
1.93471  3.32985
2.99968  2.64079
-0.661966  -5.41072
-2.79172  0.0636213
0.430223  -0.69288
-0.399659  2.73073
-1.64057  3.74398
2.79912  -12.9135
1.6041  -0.35583
1.25251  1.35701
0.474625  -5.69516
2.58885  3.29678
-1.73798  2.13648
-0.0832433  -0.372902
1.9133  -0.0124616
-2.70861  -5.51774
-0.640665  -5.52771
-1.03954  -1.64545
0.667788  -0.247418
0.0461109  0.250443
-1.75595  0.0250402
-2.39909  -8.18033
0.379567  -3.08514
-0.580427  0.251228
-0.510849  0.318682
1.53447  -2.68689
-0.606942  -0.339531
1.56061  0.85833
-0.492813  -0.696901
1.97079  -2.97254
1.37142  -0.947075
-1.61918  7.59256
-2.49313  -1.03982
-0.651285  -0.182718
-0.428703  -1.60006
-0.951527  5.14739
1.18447  5.3193
-0.333226  0.0519286
0.966297  0.065821
-0.0487559  1.84791
-0.706798  -0.264633
-1.28297  3.06874
-1.36717  -0.0382122
-2.79878  -17.3958
-1.02393  -0.469913
-1.40335  -0.906769
-2.10261  -9.91348
-1.93102  1.82589
-2.53618  0.0259051
-0.152219  10.1616
0.0752029  0.705662
2.58721  0.0053913
-0.941892  2.76214
1.62997  -1.86786
-0.0339356  -0.263159
-1.81487  0.922906
-2.60574  3.87645
-1.725  7.6645
0.3134  -0.304799
-0.787352  -0.248394
2.48661  -3.79182
0.0653556  -3.37711
-2.42366  1.34762
-1.57179  6.43528
-1.98719  -10.151
-2.21115  -3.48747
-2.03535  1.77639
0.178167  0.511519
1.40107  46.5298
-1.65845  0.520684
0.883835  -0.0635725
0.617779  0.572761
0.195591  1.5712
1.84541  4.51898
-1.0474  0.707409
-2.16798  38.9389
-1.32697  1.52244
0.665612  2.41769
-1.81605  2.43528
2.06921  -1.26501
1.23446  -9.28088
2.27302  -3.79757
-0.0903802  5.79004
-1.55693  -0.141445
2.99634  2.13752
-1.4043  -3.98801
-2.5684  -17.9617
-2.56574  2.01464
-1.94023  -3.10093
1.04535  -1.25002
-0.659625  -2.85915
1.00232  1.2707
0.375883  -0.128915
-2.87987  3.28285
1.71298  0.955909
0.840459  -7.29783
0.212465  0.442223
0.0364062  -0.484988
-1.50841  -1.63163
-2.93137  -0.879073
-0.193541  0.639738
2.2166  0.222062
-1.42251  0.976044
-1.81573  0.926292
-1.83777  4.01307
-2.42262  2.72594
-0.545307  -0.595164
0.730621  -0.47066
0.740428  -1.71187
-1.85063  2.77592
2.83256  9.74299
0.506316  1.20555
0.21382  -0.980891
-2.25528  9.0751
0.501338  -1.63296
-1.60428  -2.99024
0.646084  0.9547
2.77272  -0.0347775
2.20732  0.256536
1.37472  -1.67501
-0.578367  -0.914566
2.9656  -0.0677368
-0.176277  2.8048
-2.80169  -0.882228
0.464818  1.21074
2.93097  0.745019
-2.7348  0.0131971
-2.50806  2.15181
-0.35628  -3.1763
-2.1315  0.60954
0.188454  1.78182
1.09428  -0.414469
2.47508  -0.125323
-1.59749  -9.95799
-0.131435  -0.779535
0.79584  8.2303
-0.744649  -0.0407664
-0.458084  0.709344
2.11153  -7.85985
2.38471  11.5589
1.32704  2.06933
2.6154  -2.67512
-2.21147  -10.5872
-2.77196  8.2282
1.51844  6.80389
0.0225105  -0.419627
-2.01597  -0.121619
1.67506  4.73607
2.17054  4.67335
2.71883  -4.70246
-2.0877  0.248784
0.712597  -1.57272
-0.692906  0.864868
-0.103724  1.44508
-0.407056  4.4885
0.65334  -2.41775
-2.72382  9.17035
0.911931  0.484247
2.43734  3.52102
2.48135  -2.21862
0.263805  -5.75215
-1.43163  -1.98543
-2.91898  -10.3654
-2.29822  1.28062
1.29653  0.28557
1.99315  0.468383
-1.10325  4.71549
1.64274  -3.94074
-2.59766  -6.71563
-1.91636  -5.25714
0.555833  4.90838
0.737645  0.786262
0.857896  -0.0837879
-1.28309  -1.63573
-1.38321  -0.27075
-0.685395  -2.41241
-1.03996  0.202673
0.749741  1.56676
0.767497  -0.150452
-2.32796  -3.65274
-1.01389  9.31049
-2.75139  -0.356421
-0.256924  1.41657
0.607487  2.27524
-0.297859  -0.89118
-1.15408  3.93477
-2.04537  0.255888
-0.824333  2.27336
1.19558  -0.145453
-0.653691  1.38856
0.75792  -2.18846
-0.158864  2.17313
2.26677  0.271357
-1.59752  -0.750119
1.99635  -0.769721
-0.379286  -0.470481
-2.01113  6.78087
-1.9249  2.32856
2.54371  2.43008
0.65056  0.296942
-2.29258  0.546101
-1.35266  -7.06288
-0.229353  3.3212
-0.396452  -0.983701
0.0759956  2.32332
-0.630287  -2.45597
-1.27497  0.100741
2.51696  -7.52869
-0.925528  -0.568947
-1.86857  -1.32607
-0.662306  1.169
-2.6544  0.857894
2.78945  4.50262
1.62403  -11.3121
-0.163991  -1.95644
-1.74835  5.45873
2.48069  0.990652
-1.61868  -0.0360219
0.0881615  1.43444
-2.17333  0.528591
0.221057  2.42405
1.11833  0.321794
0.908676  -0.500254
-0.874402  -10.6306
2.12133  -0.228988
1.72907  0.286851
-0.805896  1.56777
0.478927  -0.084788
-1.22582  -1.4396
-2.30055  3.30133
0.826242  0.105802
-1.40273  0.372386
1.09559  0.845704
-1.8808  1.89915
-2.57305  11.2348
1.2738  3.26009
-0.894564  -0.345015
2.66393  0.837801
2.09693  5.65416
-1.65785  0.180374
2.12189  15.5716
-0.0701796  -0.22253
0.107864  -2.49064
0.953335  0.441196
2.16746  1.90223
0.377168  0.244548
0.821762  0.427905
-1.41385  -0.212806
-1.39461  -0.692149
2.59066  0.876571
0.0709686  1.12798
-0.420294  1.99757
1.55476  1.04767
0.379549  -7.06017
2.33782  1.20202
-0.956687  2.66535
-2.21741  0.292863
2.77591  -1.53988
-1.04089  1.37309
0.553403  -1.1536
-0.0103594  -5.13432
-0.17758  -0.454559
1.17423  -1.1422
1.7855  0.119786
-1.5573  -0.538474
0.0799578  4.74789
-2.24042  2.78272
-2.05876  -1.36187
-2.45389  0.0551345
0.935678  8.6669
0.716544  0.657097
1.19783  -3.38944
1.21754  0.114748
2.60508  -0.022643
-2.69706  -3.40185
-1.34592  1.04813
-2.15148  0.510031
0.860176  -0.384791
1.45117  -0.390968
1.76427  -0.936236
1.06602  2.77788
-0.100017  -0.0985163
-0.460158  -0.807579
-2.97078  -2.07756
1.28242  -2.58497
-1.99945  3.33744
2.52875  0.406724
0.0392528  0.308785
2.51384  0.41742
1.53408  -5.95944
-0.62177  0.499317
1.53954  -1.18314
2.13891  -5.68611
1.43072  3.29664
2.25139  1.35989
2.41734  3.22274
1.18058  0.401173
-2.3596  -8.28568
-1.102  2.4361
2.66728  -4.89046
2.36963  7.49592
-1.02875  9.26438
0.187521  -0.29975
-1.52713  6.05479
0.549177  2.47137
-1.41033  -11.5551
-0.367469  0.880682
-2.93606  4.97999
0.957369  -1.9121
-2.16344  -0.408202
0.110577  2.46358
-1.45675  -13.7235
0.111507  1.04418
1.22824  -3.70833
-1.87849  -2.31955
-1.2415  -1.30284
0.613611  0.287187
-2.69365  -6.54932
1.02417  0.481871
1.09608  -2.03837
1.32826  -1.09217
2.90767  7.81555
-1.57566  -0.746369
0.91243  -7.7026
2.32116  1.23471
2.16833  -0.908875
1.92156  -0.150666
-0.759669  15.2441
0.510801  -0.70552
0.43045  -0.696178
0.48708  -0.00429254
-2.76989  -11.1688
0.63705  0.679522
-0.179586  -0.220637
0.62999  3.87157
2.66158  -5.52507
0.576522  -1.39722
-0.33954  -2.89266
-2.08113  -1.89905
-0.670756  1.60791
-1.63868  1.10314
-1.89902  -0.706448
-1.0081  5.90111
-0.961577  1.9303
-1.82862  0.0242026
2.26846  0.373016
0.535701  -2.4256
-1.24226  -4.64689
1.36406  -2.22557
0.400173  0.418326
0.0926229  3.96465
-2.35034  1.96482
1.98277  5.83943
-2.78096  -7.38431
-0.411245  0.391015
-2.62605  2.24753
2.83323  -3.23382
2.68101  -2.51089
1.79106  -1.77391
-2.36047  12.0101
2.33118  2.20702
-1.82069  0.713242
-0.776603  -0.499271
0.691114  -0.987698
-1.13098  5.33391
-0.827023  0.372918
2.43081  0.324722
-2.34756  -0.981824
0.960851  0.041318
-0.0164658  -0.925422
2.14277  0.846956
-1.5643  2.89559
0.38006  -0.011126
-0.362048  0.126701
1.95227  1.99203
0.759225  -0.0872896
-2.24131  -1.65389
0.361736  4.44173
2.07344  0.209041
-1.93344  -2.54366
-1.34808  0.657777
2.70872  -2.26499
1.93266  -2.46386
-2.70408  -0.543554
-2.1021  -0.0700141
1.3769  4.15956
-0.419013  -0.400163
1.97399  7.37151
-1.64172  4.68601
-2.77783  -0.406827
-1.53873  -3.26994
0.166303  8.24518
-2.63411  2.23335
-1.85474  -11.5359
0.937376  -2.71193
-1.28897  1.92562
-2.88327  0.0112629
0.43176  -1.18413
1.36493  -1.2642
2.38066  -1.12208
-0.189884  -1.98146
1.06489  0.838207
-2.48767  -0.967747
-1.46769  7.05623
0.245167  2.89667
-2.11976  1.48403
0.33557  0.30366
0.583063  -2.26731
2.86007  -3.16462
0.688012  0.026223
1.60777  5.75088
1.51776  -5.17639
-1.76886  -2.72119
2.3463  0.788833
-2.31739  -9.07605
-1.16871  0.0341971
-1.60367  -4.43639
1.82613  -0.183271
0.598072  0.94024
2.8526  6.16015
-0.084948  3.90483
-1.09517  3.02052
-1.51757  1.22688
-1.26826  -1.11376
0.949156  0.454311
1.25787  1.32458
-0.338731  -1.3731
0.717483  -1.22213
2.88895  -1.12574
2.97354  5.60417
2.78086  2.72485
1.45499  3.76781
-0.714213  -3.22375
-0.41284  -3.05414
1.12118  1.40168
-2.9414  12.2835
-1.26434  -3.84665
-0.782867  7.51261
-1.81975  0.97425
1.93479  0.247945
2.91625  -2.58258
0.600085  1.16884
-2.35779  -3.41189
1.24858  1.16985
-1.35214  -1.66425
-0.531367  0.0470096
-0.44414  1.32946
-0.141909  4.58398
-2.06278  3.68443
-1.80301  1.92578
1.50839  -2.52891
-1.7916  -6.88706
0.511509  7.44895
1.23867  0.078605
-0.579589  -0.566211
2.12053  -9.62369
2.04934  0.561569
-0.631523  -19.337
0.148907  -2.63226
-0.810151  1.48244
2.21476  -5.8833
-0.0114646  -1.32808
-0.56767  -1.07522
2.31336  -0.672207
-1.70859  1.13214
1.2997  -7.23966
-2.43902  0.624021
2.44632  -0.205075
-2.04171  4.31299
-0.372288  -1.9096
2.38734  -1.84382
-0.82924  2.62078
0.790679  2.35529
0.422913  -1.74905
-2.57645  -0.230816
-1.69583  1.15846
1.78181  0.524547
-2.18701  2.80704
1.67064  -1.39353
-0.386908  5.00622
0.361579  6.09748
-0.536297  -0.817695
1.1744  -9.11756
0.392344  6.61744
-0.244066  5.29666
-2.38593  -4.56672
2.03965  -2.00251
0.232803  0.626763
0.233629  2.45503
2.60353  0.299757
1.03669  -17.0937
1.24139  6.9494
-0.761622  2.41168
1.0239  -1.84099
0.692246  -10.6072
-2.758  -1.15413
-0.266747  -4.80215
-1.41755  1.77106
-0.302191  0.0393723
1.44062  -3.39783
-1.16184  2.64964
1.27462  -0.0239865
0.43794  -1.34933
1.8585  -1.48502
-0.835175  -1.15296
-2.93885  0.584383
0.0588364  -0.541886
1.78258  -4.07486
-0.720673  0.358947
-1.52231  -3.48831
0.96023  0.328825
1.95429  0.433998
-0.511347  1.64997
-1.89108  -0.974553
-0.759339  -0.34123
-1.58812  -3.97225
2.66573  -3.70321
-2.37891  6.56293
-1.84172  -2.85053
0.77512  2.0781
-2.80821  -13.7064
2.75108  -3.69278
-2.72431  -3.96315
0.672783  -1.03768
1.14872  5.17363
-0.417757  0.0452377
-2.29586  -0.188243
2.15145  -2.0624
0.609039  -1.69747
1.56465  0.673394
0.836576  2.13591
1.24517  -6.62284
-1.997  -0.632322
-0.783565  -3.65964
-2.94702  -0.268635
2.26572  0.687373
-1.77157  -2.04478
2.54675  0.486165
-2.21495  0.4724
-2.70682  0.475093
0.838243  0.804175
-1.27919  2.86434
-2.09824  0.480762
-2.55371  4.09318
2.83472  -3.96511
0.230336  -0.528838
-1.61263  -1.08301
0.245835  7.90097
-1.38022  0.665925
2.30804  -1.09231
0.140215  -2.44597
-0.585846  9.49706
-1.81702  -0.639979
2.62586  0.171799
-0.897654  -1.54782
-0.415877  9.5589
-1.28535  -0.475637
-1.9738  0.0366733
1.70015  -1.41325
-0.392069  -1.16041
0.261624  4.00413
1.02669  -3.50748
2.64349  -13.1893
1.39034  -4.32568
-2.43726  3.34879
-1.21275  -0.0791241
-0.781596  -2.07495
-1.8219  1.08373
-0.65779  -7.43267
1.44603  1.42017
-0.392285  -0.85004
-1.44476  3.24063
-2.66356  0.0222386
0.132441  -2.43025
-0.567861  2.80536
0.0781432  2.81408
2.71197  9.63854
2.58664  -9.91706
2.73072  -1.32821
-2.22637  -12.305
-1.61745  -3.82974
1.45081  -1.62256
-2.46576  -2.6299
2.5663  18.9144
0.674776  0.309382
0.723965  6.21966
0.982582  -1.225
-0.220625  -0.0965067
-1.19217  2.68308
-1.60663  6.87347
-1.10742  4.12011
-2.63887  -2.86685
-2.18911  4.98283
2.91038  3.6451
-2.23344  1.15762
1.6762  1.34735
-0.784637  -1.76281
1.3041  -2.21351
-2.44838  -1.21392
-2.31802  -0.351667
0.424526  -2.05385
-0.653798  -5.99083
1.24267  0.72272
-1.05432  0.0189595
-0.99703  -2.06701
1.14629  -14.8656
-0.689926  -3.07936
1.83091  2.2404
1.86775  -5.56895
-0.489712  -0.654556
2.90682  1.60012
-0.328469  -7.41952
-1.97824  -1.05732
-1.79526  0.85775
-2.19292  9.51233
-1.01817  -9.82895
-1.09824  -1.8541
-2.09196  2.16308
-2.14687  -2.78587
2.97315  0.322125
-2.84699  -4.24731
-1.04565  -5.89705
1.37443  -1.86263
0.74048  0.267596
1.28516  -1.07028
-1.69987  -0.0193431
-1.94718  -3.89406
-1.03831  1.52083
-1.66962  1.4306
-0.872768  0.566512
-2.17656  -0.156489
-1.09001  -1.39455
-2.07963  4.04846
-0.399446  -8.05589
-1.36998  3.67566
-0.447776  -0.492774
0.863915  -0.732382
-0.469365  3.73089
1.66142  0.398218
2.83383  10.5582
0.489143  6.7472
-1.95232  -3.5551
-2.31964  1.96071
1.64084  -6.50937
1.16256  10.4597
-2.28046  1.45484
1.145  2.13003
-0.815969  -2.47639
-1.31018  -3.76897
2.33388  -1.59616
-0.387407  -0.964329
0.338286  -2.03884
2.73266  -9.44206
-0.331023  -1.58484
2.54671  -0.120166
-0.442362  -0.703859
-0.00264545  -0.70403
1.70554  1.53523
0.200693  13.7684
-2.13806  -1.94448
-0.607024  1.08573
-1.90609  0.482239
-2.16428  2.76508
1.42986  -1.38834
2.59275  -4.23606
2.30635  0.505972
-2.87332  2.62265
-1.22547  1.68435
-0.282634  1.09112
0.702461  7.59262
-1.12594  1.16562
2.83346  -4.81406
-0.677619  -2.16806
0.445778  10.0766
0.680258  13.3158
-0.0941566  0.481815
-0.0538924  5.4674
-0.332842  0.940508
-2.95842  3.55518
-0.713728  3.4889
1.99621  8.72793
2.37815  2.44233
-0.599567  0.0335187
-1.21201  2.21047
2.36031  0.234482
1.53411  1.25368
0.623156  -0.289672
-1.61839  -0.775314
-1.88059  -5.85271
-0.804597  0.0863252
-0.887231  -5.75892
-1.74694  0.288424
-2.15207  0.0912226
-1.33714  0.866575
-1.26487  1.32765
0.758986  2.25214
-1.84768  -9.70533
2.61792  -1.94558
-2.95672  -2.97058
-1.26506  -0.0367994
1.53654  1.83062
-2.05768  1.41483
2.7697  -0.89606
-1.96947  18.329
0.32282  0.259717
-0.258734  -1.09163
-1.93056  12.4368
-2.06505  0.82084
-0.619157  0.696494
-0.931169  -1.00926
0.738096  2.07714
1.61501  0.829667
2.43219  0.296027
1.51665  0.485264
2.55545  -0.165678
-0.124131  -16.7367
2.36444  -7.31179
1.0061  1.26948
-0.539991  -0.559403
-0.788077  -0.173803
-1.58915  -0.771354
-0.319967  0.0208199
-2.85795  0.879529
-1.88558  0.144421
0.366911  -5.31928
2.69783  -5.45356
0.815958  -0.779108
1.15971  3.40326
1.82328  -1.27589
-2.09791  -0.487279
0.437562  -0.385859
2.19999  -4.07587
1.16436  -4.99223
0.370901  -0.545461
0.741678  12.9019
0.029254  -0.776163
-2.99451  0.195676
-2.53813  2.50733
-1.1521  1.58987
0.0631123  1.62399
-1.59824  4.76004
-0.903648  1.37181
2.84839  -4.06414
-1.72244  -2.43154
-1.71219  -0.0709848
0.699166  2.03186
0.104728  -1.93457
0.436546  -0.508633
-1.73206  2.03996
-2.42585  -3.47081
-2.20862  -7.64713
0.302568  -1.90386
2.0883  3.10927
-2.79783  -1.63642
0.316054  -1.88158
-0.632747  0.275424
2.00585  -2.10128
0.0728621  0.438291
0.283547  -0.564132
-2.14314  -1.97859
-1.02334  -1.80184
-0.0976272  9.71162
0.741108  1.61826
-1.62172  -16.6922
2.3334  1.68586
1.9525  0.222708
2.28606  -13.7817
-0.775394  -2.45905
-2.22785  -8.09553
-1.44842  4.36404
-1.00303  -9.96233
-0.25197  24.0834
-0.781851  2.10908
-1.7323  6.91857
1.81244  0.31546
0.193658  0.921999
1.73741  2.60931
2.04136  -0.126236
-1.08432  -0.494065
0.883809  -5.69265
2.26451  -7.19143
2.86422  -3.99118
-2.4024  -1.08884
1.16619  0.104318
-0.368562  -0.305929
1.67633  -0.0658308
-1.8961  5.10568
1.97206  -1.25083
-0.0659409  -0.290399
-1.49506  0.909335
1.5148  -0.542141
-0.168924  4.33825
1.62861  7.33013
-0.911935  -2.69207
1.84865  -9.8514
0.120184  -0.440652
2.5626  21.5318
1.91287  -0.608762
0.720256  -2.00108
1.8567  2.06293
2.43195  0.881162
0.397388  0.559076
-1.92137  -2.14985
0.674284  1.57063
-1.23746  -0.751904
-0.602808  4.25449
-0.903701  -0.210827
0.461536  -3.55771
2.11047  0.965789
-2.11412  -1.30411
-2.65274  -4.39225
-2.11086  0.915062
-1.57739  0.0101493
1.24037  5.96463
1.72998  -3.02145
0.0493591  -4.53341
0.542706  -1.61172
0.898527  -0.166881
-0.457098  -3.92284
1.38672  10.2738
-2.71907  2.17285
-1.20861  -1.96604
1.49792  1.48426
-2.97566  0.202399
-1.59404  0.241835
1.93154  1.19867
2.60654  -2.14795
2.90718  1.46975
-0.614626  0.116683
-2.70041  0.886973
-0.790969  6.05819
-1.10471  0.768117
-2.33941  12.1756
-2.08951  -0.878288
0.709646  -0.240451
-1.13419  -13.8429
-1.22518  -1.40931
-2.51858  -9.86097
-0.373363  -0.444001
0.758686  3.86133
-1.47606  2.92415
1.6843  3.76275
-0.668287  -14.7828
-1.44106  3.45134
-0.702483  1.12011
-0.427768  2.1242
0.50687  -1.57637
-2.3561  0.821683
-1.03191  0.112447
-2.24885  -4.95582
-0.186065  -4.03572
-1.67487  5.44581
-0.690214  0.752587
0.600896  -6.8591
-1.03805  0.666255
1.29954  -1.18311
-1.30385  -3.00895
0.994161  6.1815
-1.78015  -1.70973
1.70933  0.701252
0.770248  2.44887
-1.45874  0.598012
2.43641  -0.131196
2.57624  -0.13186
2.48515  0.969352
-0.863564  -1.25606
-1.59178  0.0831132
0.721371  -6.09843
1.52303  -4.10744
-1.55727  -0.311699
2.91296  -0.681464
-2.53125  -0.474979
-1.66819  3.03213
-2.81478  -13.068
0.811606  1.57851
1.39504  1.17937
-0.685782  -0.0240608
1.61448  -0.335693
2.11561  1.05087
1.3415  2.30868
-0.244061  10.9359
-1.84452  0.713324
-1.50785  -4.83906
0.108029  -0.0107192
2.60801  10.1905
-0.564732  0.526739
0.942463  2.88883
0.702433  -8.2565
0.44625  1.36709
-1.50439  -0.12048
-0.783036  1.63533
-0.818904  4.25704
1.85628  2.2722
0.874898  3.00211
0.204013  0.0331067
-0.936918  -0.868959
2.04014  4.46366
-2.89039  -3.49563
1.44495  0.00216601
-0.451746  -2.45979
-0.317471  0.782009
-0.982257  -1.25766
2.44657  -4.95879
-1.10555  0.727305
1.89988  -6.75525
1.89129  0.818499
-0.875246  2.73277
1.42177  -0.816996
0.230527  1.06572
-2.97242  -8.61504
0.344697  -1.13138
-2.38479  6.75627
0.912241  -1.92387
1.65776  0.905197
-1.37551  0.678816
-1.25102  -0.308956
-0.904475  -0.928606
-1.37628  -0.44471
-0.0749566  -0.208144
2.1715  -1.84702
-0.446485  -0.277622
-2.94164  5.45457
0.813143  -1.96616
-1.74551  1.07068
0.644955  -1.62924
0.0166027  -0.956029
-2.64878  -5.2998
0.151973  -0.623766
-2.12454  -2.86182
-1.52296  0.858369
1.64908  -1.15253
-1.10878  -3.30539
-0.692455  5.46746
0.0980029  4.69724
1.53705  -0.611073
-1.80377  0.32706
2.56299  1.78901
-2.79306  5.73707
-2.24066  1.08704
0.131554  5.21042
1.61004  0.397648
-0.805154  -0.709557
-0.04116  -1.54665
0.267371  2.58827
-1.65609  -2.10133
-2.86783  -4.48082
2.36828  -1.50572
-2.92981  -2.1773
-1.45518  -1.7809
2.62199  2.34112
-0.0139874  1.4678
-1.68222  -1.02389
1.18189  3.33319
1.54575  -4.86682
-1.05137  4.49455
1.14144  -1.08798
2.50691  -8.32911
0.0876377  2.37391
0.19335  -3.26034
0.784267  2.94726
1.02834  3.40817
0.616336  -2.86177
0.47409  -14.1933
2.27231  -0.306367
0.00729851  -4.3628
-1.50941  -0.913276
-2.764  1.26106
1.55887  0.538126
-2.42023  -2.06191
-1.88543  1.84237
1.40967  0.326286
1.96483  -1.80561
-2.61267  -2.01506
-0.6246  -0.0755599
2.21146  -9.74387
2.35282  -1.23183
2.16691  -4.9711
-2.69125  -5.29374
0.179079  -0.387981
-0.0878499  -2.15378
2.07992  3.68923
-0.426909  2.1788
0.477636  0.309264
1.82796  -3.88646
1.63364  -9.13565
2.25186  9.00146
-0.153301  2.86019
2.48957  0.254938
-0.3326  6.24334
1.27851  1.68271
-1.85658  2.16337
-2.66241  5.47267
0.0902381  6.94446
2.00476  -4.49179
1.8217  2.0763
0.562933  0.185896
-1.69539  -1.93427
-0.183113  0.0353707
2.05928  -0.0558395
1.46012  -0.335999
-2.01013  3.09823
-2.25975  2.92484
-1.48223  2.59884
-1.39571  -1.60437
1.8004  -2.01965
-1.59124  -0.706582
-2.38197  0.668805
2.81646  -0.306387
-2.85105  0.131555
-1.58761  14.9425
2.28807  2.88792
-2.02057  3.53834
0.351944  -1.99146
1.77  -0.235964
0.419987  -1.72149
-1.9566  -1.84384
2.29171  -2.68685
-0.999921  0.986758
0.237424  -5.38746
-2.74308  2.49653
-0.130671  -0.709204
-2.20273  -0.00698039
-0.125173  -2.38594
-0.621765  0.156342
-0.244104  -3.13794
0.727467  3.52627
0.0268698  3.52368
1.3725  -2.016
0.687446  3.26534
1.12303  0.235233
2.71035  -0.0934207
0.628268  -6.10804
1.72986  -8.23377
1.19734  -2.86851
1.54441  6.82581
-1.42909  0.466377
1.82264  1.02287
-0.199611  -14.4064
1.05451  0.418343
-1.98116  -0.32277
-2.68549  -1.13653
-0.946412  -1.12168
-0.518858  0.0215936
-2.20349  0.598653
-2.81094  -3.98851
2.49502  0.655594
1.03209  -4.43599
-0.631004  -4.6465
-1.51407  1.5488
-2.79331  -0.163166
0.648585  -0.892405
1.51949  1.52133
-2.53632  -0.635365
1.67574  3.75546
-2.1387  -3.22474
-1.78948  -0.169266
-0.474471  -0.246603
-2.25018  -0.707011
0.916361  -0.023236
1.49431  5.28129
-2.42401  -1.38411
-0.616418  -2.03694
1.34901  0.508961
-1.69424  2.60312
2.39466  -2.70495
-2.60916  -2.07967
0.438876  -1.58032
-2.35979  -0.410904
-2.49898  -0.737165
1.36365  6.06865
0.0889363  0.107672
-1.8102  -0.85182
-1.92793  0.366854
-2.05036  1.38328
1.1785  0.64324
-0.408583  -0.333104
-2.32443  1.41526
1.25617  8.37875
-0.715025  -8.60156
2.89683  0.109082
-1.6222  5.17169
2.1886  -1.10922
0.061247  -1.97644
0.0955476  13.2653
-2.15568  1.56102
0.607466  -6.38357
-1.56106  -9.50991
-2.15828  4.36286
1.82726  4.24205
-1.84363  -1.00635
-2.87947  -0.457962
0.185108  0.691191
2.2008  1.73324
-0.944615  0.96284
0.340124  -2.40598
2.75824  3.65426
0.992718  -1.24185
2.22509  5.0081
1.19133  -0.697
0.737242  -0.304746
-1.57207  3.09781
-1.34119  0.850694
-1.53934  3.12236
1.25594  -5.16336
-2.23938  0.737031
-1.31922  -3.0139
-0.75541  2.90284
-2.16422  3.13209
-2.70029  5.70555
1.69209  -8.69806
1.45913  5.26467
2.62338  0.847559
2.50129  5.90832
1.56442  1.36008
-0.27034  -1.35523
0.895768  1.47059
2.50342  0.106127
2.4852  1.14948
1.45144  1.496
2.60455  17.592
-1.30393  3.15529
2.24414  -1.27267
1.0823  2.93526
1.64141  -1.07315
0.831705  -1.59309
-2.70298  1.03514
0.592017  5.90829
-0.362254  1.88166
1.82498  -0.575644
1.19742  -0.00200341
1.97653  1.93218
0.435422  -0.686472
0.367185  0.216527
0.538439  -0.159216
-1.89682  -0.48472
-2.87946  -1.05307
0.517224  0.371817
0.393357  0.655937
0.628298  1.06413
1.24801  12.9748
1.49074  2.0534
1.79794  0.169223
-2.82318  -2.64347
0.342717  -0.531396
1.97547  0.278568
0.909183  -1.41589
-1.98489  -1.74104
2.98874  1.80175
-1.70747  -0.0308784
-1.6483  -2.2946
-1.54732  1.84309
2.84323  -1.05135
-1.26421  -11.6464
2.65138  2.06
-0.268104  -1.5859
-2.52982  -1.95538
0.754126  0.915616
0.915826  1.12088
-0.245665  -0.489398
1.79746  2.70866
-1.53543  4.25626
-1.97727  -0.190664
-0.883848  -0.403427
-2.13972  -0.866067
-2.01874  1.84733
0.69621  0.0191574
-1.17  0.164519
1.63398  -1.30489
0.625814  2.28219
2.07156  3.16338
2.42347  -0.877882
-2.90865  -6.05945
2.0524  -3.89683
1.06733  2.09649
-0.863529  -10.607
-2.082  1.89237
-0.525834  -1.25602
-0.565918  -1.60724
2.05142  -3.8066
-2.06288  0.236953
-1.68517  1.51409
1.69737  -5.61186
1.5745  1.81778
1.06583  0.363477
1.27773  0.147049
0.813232  -6.12661
-2.01124  4.6804
0.854165  -0.243914
-2.96338  -2.8558
2.35357  -4.86371
2.78662  1.45473
-1.0106  0.200941
2.27534  6.2591
1.09257  -6.26635
2.59091  5.95407
-1.22324  -2.68506
-0.22242  -0.0597212
0.63581  3.73972
2.08771  -2.78747
0.57884  2.46151
1.59312  0.462332
-0.656933  -3.41563
-1.78233  -0.278879
0.359337  -0.272985
-0.913743  0.804969
0.68266  -0.431231
-1.08298  -2.53418
-0.0504218  2.23691
0.527878  -0.318003
2.14085  0.153058
1.4584  7.66966
0.538681  -6.20701
2.29391  1.88785
-1.7013  0.159106
1.33491  2.62398
-2.04235  -0.399849
-1.8969  5.5623
-0.571674  -0.556956
-2.48661  -0.49243
0.194838  0.308571
1.07949  2.8737
0.72057  -1.41369
-0.507818  -1.74398
-2.51691  -0.27865
2.52439  10.9633
0.18078  -0.99228
0.952767  -1.2645
1.18638  -3.54212
2.15688  3.08902
0.260903  2.11595
-0.705505  12.5434
2.3804  5.72324
-0.90293  -3.32722
-0.110237  0.604357
-2.01681  0.19612
1.60996  -0.766863
-1.13401  -1.13286
1.80954  -3.0032
-1.11431  -3.41765
2.03421  0.561386
-0.746159  2.08632
1.93207  1.50455
-0.839028  6.77128
-0.225891  -46.9073
-2.416  -0.5856
2.94496  5.53364
0.985949  0.987089
-0.948437  -3.22435
-0.156966  -1.7387
-2.40446  -3.79655
0.258  -2.14794
2.38412  -6.16088
1.04661  -0.657831
-2.64689  -6.42682
-2.27046  4.27413
0.532016  0.301969
2.70747  -2.19428
0.347501  -0.693156
-0.0481006  2.72218
-0.351212  -0.517011
-1.90177  0.455899
1.2707  -5.32404
-1.17812  -0.40515
-2.15443  -2.02438
-2.49359  -6.48735
2.69188  -0.881516
2.39462  0.895371
2.32038  -4.48546
-0.0398172  2.40187
0.5543  2.42143
2.49668  -0.422421
1.90628  0.644598
-0.804221  -0.390374
-0.885664  1.43788
-0.423529  -1.39082
-1.90122  -3.87797
-2.97355  -0.865388
-2.73183  -0.528597
1.07806  2.17259
1.48732  -10.0007
2.75113  1.84244
1.50796  0.45294
-1.15151  -0.0521626
1.40242  0.342238
-2.8079  12.0284
0.645593  -0.991617
1.7796  1.51052
0.0379639  -16.9944
-0.16463  -2.17559
-2.31524  0.749746
0.29005  -1.39252
-1.2157  8.17887
1.05485  2.00885
-1.87035  11.0795
-2.85062  2.74512
-0.393471  1.37909
1.97926  1.17626
0.981649  -0.0139582
1.45019  -0.0207702
1.22893  12.5926
-0.299657  10.4031
2.08023  -0.856991
1.25805  -6.19053
-0.16254  -1.85125
2.9374  0.0148712
0.238137  -2.89226
-0.40426  -1.25767
0.455007  -1.21656
0.422959  -1.09594
-2.09742  -4.9651
0.283151  -2.3223
-1.51661  0.221438
0.33585  1.31923
1.07543  1.13051
-0.141363  -2.46239
0.724922  2.17683
-2.51675  0.325401
-1.48523  3.01498
1.96845  0.591728
1.64316  2.25151
-1.67377  -7.03653
-0.107217  -7.48031
1.59655  -0.913372
-1.82868  -1.45674
2.71126  -9.22509
-1.23103  0.661811
1.30139  -0.119556
-0.24998  1.09536
2.95697  5.48643
2.51249  0.922407
2.19429  -2.50198
1.78199  4.82216
1.65376  1.05072
-2.2212  4.1345
0.84911  1.14401
-1.85441  1.57908
-1.22421  -0.918128
-2.53134  -3.71663
0.339712  0.699169
0.900407  -3.76602
-2.97957  11.4173
-0.774203  -2.00177
-2.16321  0.899591
-1.77572  0.756009
1.60389  -1.49244
1.87456  4.74466
-2.57098  2.44002
1.88992  -0.394654
0.79955  -4.98338
0.138495  -1.07105
1.99525  0.548571
2.21663  -1.0113
0.592693  -5.81828
-1.07956  0.294465
-1.83508  0.411799
0.0488094  6.26572
1.32208  1.65913
2.48732  0.628705
1.87277  -0.883761
-1.73656  -3.26584
1.22388  -0.0353075
2.51429  -4.33939
1.33514  -4.62579
1.61715  -8.16036
-0.155751  0.652769
2.05657  2.2854
-2.37055  -2.39983
-0.361067  -11.7294
-2.04677  0.340114
1.73719  -0.425905
2.38609  7.97588
-1.56008  -4.08809
-0.512244  0.195647
-2.90616  -0.104621
0.182061  -2.17685
-1.96458  -0.342412
2.17219  -4.61847
-1.34632  0.0625146
2.79822  7.52289
-1.71313  -0.966003
-2.00691  -2.45819
-0.863455  -1.16345
-0.683502  0.987985
-0.402881  -7.71662
-2.96758  2.43409
-2.00655  2.34209
0.940303  -0.794551
-0.12802  5.56002
0.268307  -0.701426
-1.911  -0.0781358
1.11308  -6.7897
2.92682  -16.96
1.92358  3.08249
2.82738  7.02792
-0.411171  -0.0851008
-0.936436  1.31724
-1.60253  18.2566
2.80793  -0.156931
-0.494224  2.29695
-0.718537  -6.2267
-0.0379093  0.503537
-1.01834  -0.597775
-0.670558  -3.46153
-1.4758  1.92895
-2.56623  -2.3018
0.986523  -12.2869
2.53408  0.719106
0.0874358  -9.93308
0.232263  0.32082
-0.123695  -1.79311
-1.03042  4.4109
1.72872  1.89613
2.38354  -0.927736
-1.9933  7.32284
0.223743  0.402811
-2.40694  -0.304678
0.0678864  1.55795
2.13037  1.71771
2.13982  -4.80165
2.56612  -21.503
-0.182857  0.984813
2.58493  0.0870683
0.49654  0.378335
-2.64954  8.19668
-0.227199  -6.03987
-2.06577  -1.29975
-2.18016  1.22214
0.101077  0.484336
0.737676  -9.66172
-1.42751  -0.22835
0.428166  -0.381539
0.739559  1.86786
-2.8662  -2.2571
-0.739368  6.23789
2.0074  -0.159406
0.98707  3.22122
-1.56881  -6.40996
-1.29463  2.17744
-0.829547  2.70775
0.0934913  0.184615
-2.46743  0.123119
-1.64708  0.589092
-1.97219  -1.6416
-2.52187  -0.0385767
0.634019  -4.00888
1.42515  0.444095
1.38129  0.476443
0.3244  4.61828
-1.77855  -6.37635
0.936802  3.73518
0.438488  0.458215
-0.88828  -0.142693
2.1552  0.138937
