1.84293  0.906421
-1.61884  -3.00592
-0.263086  -4.28468
-1.1168  -0.714647
-1.6517  4.31633
-2.818  4.01443
-2.25698  -0.424827
-1.63231  4.77057
-1.41583  -0.530091
-2.40555  -0.184148
-0.143985  1.04266
-2.98555  -24.5244
-1.20274  5.72187
-2.35613  -1.5644
-1.89301  0.783735
-2.05459  -3.20552
-0.480221  -1.37192
-2.08209  1.23235
-1.79901  8.82419
-1.46201  1.51038
-1.16082  4.74721
-1.17496  -4.84052
-1.80267  -1.04715
0.930251  -8.47828
-0.100868  -0.990452
1.7388  2.34601
0.106961  0.435758
-2.04892  1.07056
-2.92086  0.611664
-0.43472  -8.62248
0.858598  0.598139
-2.01757  -1.61195
-1.40857  0.343873
-0.570076  1.39186
-1.8184  8.31868
-2.62808  -1.32665
1.76131  1.14726
-2.12453  0.229892
-1.28538  4.70867
0.635987  -0.225752
1.11901  -1.1305
-0.0870236  -0.163991
-2.24595  2.03419
2.34663  1.34121
-1.6765  0.883546
1.22531  -0.750365
-2.33673  -4.58052
-1.20496  8.58809
-1.07443  0.882489
0.869196  0.709377
-2.96721  0.647362
-2.36279  -1.22285
-1.71311  -16.7506
-1.03556  7.27139
-2.34396  2.21042
1.05242  -0.806794
-1.63775  -1.55601
0.0342889  0.434649
-0.43609  1.10125
-1.64804  -2.86993
-2.18585  14.8651
0.964884  -5.27663
0.283491  -0.0775501
1.65502  4.80755
2.02342  1.7591
-2.57079  -2.16478
-0.172253  -0.473493
-0.864807  -2.34126
-0.915649  0.111757
-0.798281  2.01337
1.0381  -0.374831
-0.208258  1.17666
-0.561247  -5.13769
-1.83847  -0.99143
-2.31727  -3.06383
-1.12867  -13.1797
-1.43104  2.13278
-1.90635  3.99652
-1.1152  3.16949
-1.64472  -1.4477
-2.83994  1.02153
-2.99355  -1.24411
-1.43749  -0.111428
1.6666  1.07291
0.416035  -0.138363
-1.55402  -1.57116
-2.03206  3.3449
-1.1282  0.804448
-1.79609  -4.02884
-1.55168  0.0586438
-1.48658  -6.24741
-2.04024  -0.906428
-1.86262  0.945929
-0.472676  -0.230136
1.58594  1.25486
-1.79104  16.9893
0.794602  1.58864
-1.36359  -0.307763
-0.305628  -7.66514
-0.0478427  -7.21449
-0.440371  -0.871939
-0.390667  -9.35962
-2.30079  13.9807
0.181386  -0.242428
0.150671  -10.7958
-1.22245  -4.51936
1.18929  -3.33613
-1.31365  -3.55262
-2.75367  0.432285
-1.19258  15.9717
-1.44956  -5.93625
0.443556  0.280425
-2.80688  2.64677
1.96132  -6.00756
-0.924939  0.978942
-2.70846  0.715282
-1.218  -0.0432288
0.320518  0.371234
0.020894  0.74335
0.542805  0.380071
-2.58272  2.79294
-1.29916  0.677772
-1.63758  -2.70967
-1.55756  -0.053591
0.244637  -2.25658
-2.97634  -0.470632
-2.42329  -1.95045
0.0944561  -0.975712
-0.504148  1.49352
-1.00519  -0.593935
-2.1438  -5.27424
0.0301481  1.24873
-2.6493  3.73432
0.820112  -0.099614
-2.66373  -0.213411
-2.51845  1.50886
-2.29603  -0.51028
-2.28962  -6.27363
-0.259139  -0.882722
-1.69873  4.32316
-1.70771  4.79973
-1.29291  3.31019
-2.08013  0.259747
-1.57838  4.20509
-1.60138  -3.79307
-0.0265165  6.53989
-1.46224  -3.37733
-2.26648  -0.705418
1.00196  -1.63267
-2.30761  0.335575
0.354189  0.929437
1.27235  6.67343
0.49018  -0.760456
-0.985049  0.340641
-2.14476  1.55234
-0.884885  1.35377
-2.22323  0.831332
-0.498643  0.477727
-0.119882  -1.27122
-1.21402  -2.9541
-2.05895  2.98882
-1.05555  -4.62948
-0.631793  -2.8426
-1.81403  -7.79046
-2.12196  -3.79687
1.34319  -0.608872
0.972603  -0.522941
1.63621  0.901597
0.858392  -3.67729
-0.966489  1.24541
-0.516205  -0.710154
0.120543  3.00893
-1.76443  8.57513
1.25427  1.20399
-1.99327  -2.14663
-1.64858  0.220089
-1.79884  0.703028
-2.35112  -2.55459
-0.388366  -2.26341
-1.14577  11.198
0.357713  0.316477
-2.30373  -1.52574
-2.48336  -0.390238
-2.17653  4.76368
-1.50106  -2.44522
-0.312914  13.4958
-1.38532  -2.64338
-0.255364  -1.57424
-2.27532  -1.05083
-2.39599  -5.4372
-1.8178  -0.336154
-1.4405  0.311305
-2.99228  3.96016
-2.38516  1.29654
-1.87264  -10.5919
1.13318  7.7544
0.147477  3.91468
-0.468853  -2.44348
-1.28874  3.5135
-1.14575  1.25955
1.20285  -0.987982
-1.19899  -1.9851
-0.351254  18.599
-0.00974349  -1.82248
-1.62529  8.87443
-1.3247  -0.653424
-2.81149  -5.92992
0.403768  1.00119
0.563855  -1.28437
-1.75331  4.63388
1.78698  1.93838
0.0818565  2.24556
-0.654383  6.97619
-1.95785  12.6439
0.592201  2.07309
0.47617  -4.32719
-1.99394  21.1351
-1.52688  -3.48927
-2.56267  -2.31052
-2.19375  0.981736
0.960785  -1.38992
-1.81321  -0.349925
0.662354  -0.500831
-2.96993  28.1046
0.640064  -0.46698
-1.50847  1.89879
-2.25894  -0.477198
0.306495  -1.96971
-2.87542  -6.53938
0.386051  0.110157
-0.993149  10.5481
0.985803  0.324865
-0.669767  1.61704
0.0934853  -1.07136
1.02083  1.00095
-2.11944  0.478761
-2.65126  -5.52275
-2.4417  21.0892
0.632231  -0.525535
-2.58647  -1.65829
1.0347  -4.06263
0.816938  4.64192
-2.03263  -1.52738
-2.05146  -0.386249
-1.04346  0.217933
-2.71979  2.14938
1.58483  -2.6996
0.654869  0.0468824
-2.88564  3.4409
0.134118  2.8053
-2.81103  -1.61254
1.24366  -0.976962
-1.61565  -2.75913
-1.40764  4.55912
0.59335  3.54901
0.841548  0.499905
-1.9391  -0.223295
0.394622  1.2143
-1.98648  0.896396
-1.87554  -5.49477
1.11563  0.031928
-0.971514  -1.44325
0.565514  1.22145
1.39038  3.08622
-1.00036  -0.678256
-1.82535  0.619967
-1.69403  0.245856
1.43905  7.54655
-1.65077  0.937905
-2.74262  -1.87611
-1.33661  -14.6824
-2.61546  -7.85286
-2.70384  -1.64604
-1.10608  -5.03466
-0.657663  -7.27136
-2.77908  -4.02828
0.239045  0.685164
-1.47656  0.56833
-2.15946  -3.27709
-2.49906  -3.7537
-1.54231  -3.24
-2.11024  5.8551
-2.10487  -0.0739053
0.0792302  1.38373
-2.0999  2.40738
1.46063  0.372963
-2.2569  0.671988
2.03095  -2.34169
-2.75732  2.50084
-1.04455  -0.0561046
-0.154299  -5.72641
-2.4885  0.324703
0.188452  -0.182106
-2.518  1.15491
-0.65516  3.9544
-2.06277  -10.4878
1.28698  -1.70853
0.106208  -5.1797
-0.415204  3.62984
-2.00184  -6.66282
0.264379  -9.93835
-0.0231866  -5.20191
-2.39766  0.912054
-2.39011  -4.87707
-1.28951  -2.64135
-2.43135  -1.09409
-2.87579  2.57746
-1.56529  -0.116116
-1.4839  2.05684
-1.03997  -1.17249
-2.81141  -1.53681
-1.00333  0.445008
-1.62111  -0.810484
-0.787387  -5.82221
1.21586  -1.18899
-0.0867949  17.5886
-2.86751  3.85575
-0.292043  0.534236
0.0936936  -0.753154
-2.51075  -1.91262
0.780477  -1.9978
-0.345152  2.4148
-2.39845  0.0361617
-0.105408  -11.7163
-0.0961462  -2.48284
-2.02114  0.849307
-2.33787  -2.52986
1.59816  -0.416755
-1.61796  -3.17153
-0.0100196  -2.36875
-2.40043  -1.80474
-2.55652  1.11172
-2.92703  1.09326
0.182358  -3.79356
-2.98683  6.76723
0.878045  -0.767515
-1.128  -1.65541
-1.99939  11.3663
-2.26292  -7.24675
-1.84783  1.83601
0.486256  -0.778808
-0.972302  -7.73215
2.07407  -0.195119
-0.361795  -1.50316
1.80182  1.26216
-1.10806  0.617585
-2.12671  -1.48076
-1.52904  4.57012
-0.216319  -3.71652
-0.581553  0.124498
1.20254  -0.795929
-0.186091  24.8678
0.198781  3.97781
-1.85534  0.578023
0.0979874  -1.41815
1.26685  2.11219
-1.77266  -4.87378
1.80858  -2.05023
0.14076  1.06265
-1.50427  -1.32252
-0.868579  2.46376
0.393636  3.39188
0.484646  0.0490184
-2.43404  -6.88233
1.0904  1.00526
-0.955638  -0.484278
-0.0293076  1.2717
0.420151  1.94034
0.049748  0.344613
2.2975  -1.25497
-2.22973  -0.0292657
2.00761  1.11993
-1.3409  7.65561
-1.5468  -8.2602
2.134  1.30472
-2.30099  0.413315
-1.32982  -19.7891
-1.71176  7.56516
-0.854362  3.49404
1.03228  -0.586103
1.06536  0.206739
2.25452  -1.74725
-2.52697  -2.31185
-0.0637584  0.295161
-1.44306  -0.895972
0.449034  -0.144135
0.737795  3.10237
-1.66334  -0.762227
-2.75601  -9.17659
1.20543  1.14339
-0.635099  2.32527
1.10232  -2.36318
0.772473  2.6517
-1.18128  -2.02417
-0.759226  -0.183906
-1.35481  -0.402406
-0.0213966  -2.72292
-1.35858  -6.89094
-1.18371  -4.15292
-2.46118  0.849703
-2.49682  8.57749
-0.863772  -0.428307
-2.53487  2.87744
-2.26405  3.68682
-1.21618  0.853667
-1.35775  -6.30105
-1.32977  12.1594
-1.38932  -0.218555
0.0932249  7.41826
-1.92846  3.05389
-2.31872  -1.28321
-1.7908  1.47553
-2.48909  -10.0371
-2.88398  -0.361521
-1.94188  4.35995
-2.77246  23.8666
-2.62015  0.0143701
1.35666  0.583113
-0.839123  15.5657
-2.39846  12.8334
0.458656  12.2707
-0.621422  1.94516
-0.654301  0.0259906
-1.17179  -0.210084
1.0487  -1.25733
-2.85896  -0.416405
-1.32108  -0.40299
-2.11561  5.40298
-2.74111  0.159038
-2.28826  5.43446
-0.912296  -5.54593
-2.68359  0.709587
-2.14712  3.85037
0.0725828  0.805135
-1.06757  -0.979384
-2.80063  -2.49778
-2.8702  -0.0264776
-0.15735  4.3165
0.0404358  -9.02691
-1.87848  -2.59733
-0.225983  -1.2419
0.824577  -10.7329
0.730725  0.547815
0.305874  -5.50803
-2.89011  1.15795
-2.44335  -0.122564
-1.66084  -1.7759
-2.87787  16.2446
0.188122  -0.649073
0.172533  -1.2816
1.59469  -1.65372
-2.36691  1.13259
-2.2022  3.06398
-2.68985  2.18774
-2.73063  0.127859
-1.51977  1.25641
-1.2385  -2.04359
-2.90933  -11.9713
0.881324  -1.48088
-1.60677  -1.03545
1.69979  -0.707387
0.961521  0.131249
0.169111  7.88874
1.81296  -0.888608
-1.93182  -2.83821
-1.54327  3.16673
-1.27879  -0.287312
0.839342  1.62704
2.20781  -2.01253
0.220552  0.136489
0.404509  -1.26667
0.338001  -0.254787
-2.34143  -0.86452
0.418378  -4.89834
-2.73185  -8.8609
-2.04977  0.890365
-2.65213  -6.62003
-0.130773  -0.359247
-2.69743  6.67075
-0.196562  0.620744
1.08455  1.94851
2.39771  -1.68033
-0.814881  0.322166
-2.38635  -1.61112
-0.0647796  1.69123
0.0227123  -6.83197
-1.13114  2.84446
1.06177  -3.8701
0.841119  -5.88897
0.658896  -0.881888
-2.12765  -2.49642
-1.94004  0.585524
0.93479  5.11383
-0.580687  1.40751
1.65031  -0.960248
-2.34705  2.47512
-0.183245  -5.30551
-2.68689  5.74436
-1.54788  19.8843
-0.281172  -4.25669
-0.423488  1.8326
1.61083  -5.34126
-1.41328  -8.70997
0.972517  -1.27388
1.27664  -5.43108
0.535005  -4.77684
0.760954  1.55668
2.21689  2.19823
1.1553  3.59212
2.99719  5.83693
1.92662  0.83892
2.01365  13.6977
0.0183236  1.58681
1.16443  -0.881102
1.38418  0.410575
0.442056  0.127836
1.97465  0.0864545
2.19798  25.0502
-1.4294  1.72323
1.99998  -1.96808
1.63713  1.23269
2.46028  -0.138549
2.56804  -2.94555
1.8767  -0.190494
2.63331  -5.45331
0.365353  2.24073
1.88253  -1.92158
-0.0748  7.32349
0.182899  -9.14053
0.615833  0.0938577
1.55999  6.72584
2.48609  1.10485
1.04572  -1.67199
0.738774  -2.66124
-0.753164  -2.52042
-2.32818  -2.17468
0.666753  -3.3543
1.2457  4.16751
1.07822  2.57448
-1.19201  -0.0249601
-1.28609  0.380038
1.15908  -7.11296
2.71909  -0.284336
1.26236  -14.7091
0.844478  0.0696473
-0.735474  5.56812
1.69625  -2.05425
2.30725  -8.24366
1.03168  -0.75139
1.87818  -3.2053
0.772271  1.18805
2.2934  -1.66958
1.19132  -15.8849
2.47639  -1.82861
2.93473  0.491906
-0.228578  0.88399
0.703164  0.501682
1.10644  -5.54777
2.71865  -0.394609
0.620606  5.80447
1.15226  0.674043
-1.08199  -1.78756
2.69485  3.46563
0.282791  2.88803
-0.347491  -10.1775
0.575185  -1.97048
2.13418  3.92202
0.976016  -0.758928
-0.163128  0.0579725
2.34841  0.448704
2.57374  7.31333
-0.633549  -0.756509
1.78929  -1.80354
1.41616  -7.75889
2.06983  -4.99985
0.0903381  0.0554518
-2.0413  -2.6292
2.53294  1.67201
-0.402959  -0.928229
2.22572  -0.959954
1.33129  -4.42497
1.80923  2.51523
2.60537  -2.00066
1.35687  11.0799
-0.640254  -3.09254
0.0520585  5.96456
2.77225  -2.58672
2.99089  2.98456
0.539808  3.4113
2.55935  6.53885
2.71802  2.16695
2.81779  -0.959611
-1.01951  -0.833526
0.589631  1.39454
0.246454  0.369562
-1.06247  -1.70411
-0.415914  -1.78874
2.56634  0.787833
0.714697  -2.24051
2.93579  2.41716
-0.375449  -1.3273
-0.860702  4.35773
1.91313  6.61313
0.776178  0.460173
-1.94003  1.38047
-0.438509  1.42567
1.97428  1.00143
1.32155  7.37522
2.20211  0.842065
0.688777  3.58603
2.08892  0.19852
-0.679961  0.594969
1.46966  0.882829
0.599567  -4.0987
1.73204  2.84424
1.64046  -4.61589
2.91708  1.1242
1.25188  0.293143
1.6747  4.68547
1.44746  15.2335
2.27527  2.46738
2.58866  -0.962107
-0.360499  2.86806
0.827909  -0.517284
-0.449951  -3.16291
2.80181  -9.63746
1.42638  -0.336659
2.6952  8.84021
1.05407  11.5559
2.77116  -0.0721304
2.65953  -0.442792
2.45128  -1.06849
1.91696  1.45966
0.753324  -0.289277
2.20402  1.61784
0.234288  -2.61618
2.34645  0.374341
0.970472  0.456429
1.69657  -2.16032
2.03959  -2.35665
1.09204  1.50891
-0.543233  0.303864
-1.27957  0.839005
0.131014  -2.3042
-1.95261  0.3129
2.65438  0.814232
1.34321  0.111551
-0.00152512  -2.44461
0.163099  -4.67471
1.69731  -4.94064
-0.419317  1.50088
1.25183  1.23828
1.47976  0.633547
1.56432  -4.04481
1.58818  -1.47581
1.74818  0.356569
1.83193  -5.74402
-1.41021  -0.577979
1.89249  -0.506057
-1.48384  -0.644444
2.31349  0.12431
1.23329  -1.22347
0.671716  1.47462
0.100624  -0.309861
2.99958  -2.63945
-0.00796487  -2.76656
0.441206  -0.636763
-0.420515  -0.319276
1.65617  -0.999199
2.12118  5.02283
2.17978  -2.02158
-1.56448  0.432566
-1.82679  -0.708623
-0.889122  -3.51162
0.875674  -3.05834
2.82466  -1.26216
2.10453  -1.56877
0.528268  -0.896885
-1.49002  -0.988623
-1.7472  -0.224886
1.50599  0.670911
1.33528  3.62312
1.77781  -1.98331
0.0536764  11.2725
-0.224261  -0.886733
0.683649  0.025146
1.68047  -0.264915
-1.2159  -1.10551
-1.41942  -0.972848
-1.46522  -0.10847
2.34802  -3.06151
0.342536  3.24091
1.92496  -4.77432
-1.01324  -0.871731
1.98691  -0.198341
-0.657666  -4.96914
-0.976054  -3.84761
-0.814017  -1.27573
0.49774  1.82083
-1.70446  0.69886
2.62201  -2.18934
2.04994  -4.3014
-1.61853  -0.0993955
0.509854  14.3251
-1.02858  -0.829328
-0.871383  -0.0509054
2.57908  1.28429
1.38674  0.487948
0.889095  -8.17059
-0.224285  1.94574
2.21705  0.571042
-0.120192  -0.0910118
0.964062  -0.851791
2.10617  0.375786
-0.812115  2.08289
-2.04328  4.14079
1.30056  1.73293
2.32714  0.619198
2.73869  -8.02312
1.41094  -3.27275
1.31222  -1.66313
-0.228825  3.36791
2.05224  2.76004
1.5795  -7.74855
1.27505  0.442677
0.702019  -2.97066
1.58384  -5.0066
-1.45269  0.135988
2.1637  1.13192
1.80376  -1.99725
2.77953  -2.53591
0.50645  2.98006
1.34239  -2.15003
0.692985  -5.344
2.9483  -1.08756
2.47384  -0.627226
1.2381  -0.283952
1.02866  1.36006
1.64913  1.93487
-0.339227  1.75985
1.43801  -19.1087
1.67003  2.58302
2.38761  -0.0418255
1.00987  4.02904
1.90312  -2.16456
2.28818  1.23138
0.0483546  -0.300655
1.29762  6.38415
2.89373  -1.27053
-0.191326  -0.772665
2.55742  4.80123
2.5766  -0.503823
1.13266  -0.744531
-0.13535  -0.869649
-1.60299  -2.62189
1.16759  -0.198723
2.25856  -4.75613
-1.85025  0.598308
-0.350673  -3.93727
0.979812  10.6197
-0.0191846  -2.46811
1.77396  -0.344945
0.317763  2.2004
-0.960073  -2.07998
2.34293  0.0265411
-1.05797  2.30299
0.196324  1.18121
0.444941  0.0503299
1.21422  -5.45363
2.34195  0.576986
-0.367038  -0.212619
2.33665  -0.461484
2.03489  0.997488
2.17313  -0.138211
0.946379  -0.35282
2.39965  22.7844
2.00483  1.5625
-1.95253  2.13819
-1.7491  1.08049
-0.693587  -0.62841
1.71768  -4.41216
0.305597  0.0666107
0.997344  1.30952
-0.70398  1.83524
1.21847  6.48886
2.05832  0.492507
0.854831  -4.94186
2.38673  -0.145239
-1.88469  -2.48781
1.76338  -0.666757
-1.35009  1.62325
0.128023  0.253059
-0.237321  -0.0563756
1.26487  5.24379
1.72844  1.34999
2.17153  0.677993
2.78117  0.497146
1.19632  -2.03256
1.9298  5.48423
2.55054  -2.17573
1.5792  -3.56684
-0.603349  0.906962
2.07656  4.08947
2.65999  2.41238
0.851653  5.95888
2.2025  0.926319
2.93141  0.829957
-1.58756  -1.56016
0.831204  -0.50418
2.83952  -2.07771
2.03542  2.00069
2.54927  -3.07793
0.787996  2.11171
0.372926  -3.27166
2.64403  0.806287
-2.06527  0.614818
0.208288  -1.89116
-0.719612  -7.14306
1.27789  0.509095
2.85349  -0.33382
-0.844231  0.514702
2.48656  0.937735
0.984871  1.10189
-2.39265  3.83156
-0.833004  0.134333
2.99529  -2.86947
-1.20198  1.21341
2.39578  6.28895
1.32601  17.157
1.44985  0.613389
1.86104  3.73956
2.14317  -0.113824
-0.437343  7.6182
2.07032  1.34035
0.54807  11.1144
2.05619  -10.1378
1.12023  -2.11402
0.788656  1.46126
1.89191  0.098734
2.42988  7.41221
1.31859  -0.39479
2.43817  1.74816
1.47182  -0.312941
0.230135  0.305616
2.85324  0.578466
0.839649  0.137254
-0.0679983  0.448952
1.77138  1.79754
0.224883  -17.5474
-2.15749  -0.0859079
2.60476  -1.66775
1.89496  -2.27179
-0.0709874  -7.33384
2.837  -0.0832993
-1.25184  0.56189
-0.282669  -0.112406
0.863006  2.74177
2.32872  1.68087
1.21306  26.4065
2.44813  5.05577
-1.82258  -2.0429
1.55363  -6.63231
1.46746  -7.13562
1.88624  -2.51976
-0.731999  0.572184
1.47748  -1.09963
2.44359  -1.00305
-0.601473  -2.73325
2.84809  11.4264
-0.327082  1.00664
-1.84691  0.0223806
-1.39374  2.49178
1.47754  -1.79938
1.56296  4.08915
2.58165  -4.81538
0.538152  3.07348
2.53034  0.657279
-1.00231  -0.954867
2.684  4.4831
2.05467  -5.51507
-0.173318  -1.92106
-1.0992  2.17975
-0.123032  2.50084
1.9607  -6.75775
2.47771  0.709692
2.36484  0.145859
2.3877  1.22613
1.14982  -7.55879
-0.387423  -5.58138
1.87596  -0.567155
0.769495  -0.0530546
1.53015  3.48935
2.48361  -0.0784629
2.49419  -3.31515
-0.653288  1.96593
1.34757  2.87097
0.462347  -3.22227
-0.369663  -1.15892
-0.26314  0.934484
2.51718  0.280781
0.739503  2.53919
2.17703  -0.848563
-0.673236  1.84845
2.25603  7.65332
2.72283  -8.13608
2.20606  -2.00602
0.0525446  -0.831248
-0.488943  0.754467
0.326095  -0.402573
1.74579  -25.8519
-1.51773  2.14867
2.23731  2.29736
1.52457  -1.71813
0.820048  0.644501
2.67508  -0.191406
2.41417  -2.53135
2.08154  3.03148
2.54201  1.43712
2.60967  -5.90972
-0.0532693  0.562225
-0.478132  0.648139
-1.13161  -1.78593
1.49917  -3.06986
-0.347597  -0.475258
-1.35938  -0.472046
0.786437  -5.41596
0.287802  1.24852
1.20825  -7.71171
2.04929  3.39741
1.5614  6.96416
-1.37277  1.36276
-0.044944  -0.39729
2.34142  3.61403
-0.265663  1.16953
1.64579  7.9852
2.65014  -0.294749
2.30965  -0.91432
1.96147  -4.17031
1.70382  5.57717
0.864854  -0.0681392
0.850348  -1.57505
2.04644  5.47145
-1.41992  -1.38625
0.8515  3.22501
1.7098  1.64608
0.575539  -0.95009
1.77667  0.285531
2.75721  0.87264
-0.357961  -3.47452
1.27183  -0.225284
-1.0124  3.9387
1.72452  -6.65312
1.80749  6.53632
-0.959402  0.716512
2.00099  6.60875
0.0282704  3.19644
2.08647  0.3548
1.48441  0.221033
2.53034  1.95481
1.70219  0.579785
0.949632  1.19602
-0.508209  1.16575
0.896118  -9.78861
0.896574  -2.02602
2.97359  -5.12031
1.11992  -8.8417
2.0095  -5.06855
2.93159  1.29943
-2.10479  0.482286
1.72454  -0.538332
1.98154  -2.8888
-1.70843  0.0100939
1.68655  -0.914862
2.42713  0.65868
-0.925629  0.639093
-0.372204  0.888109
0.608677  2.19343
1.31592  0.616053
0.87197  -3.49395
0.709028  -0.0630823
-1.73747  -1.33045
0.66107  0.429826
-0.752695  0.206797
1.51872  1.27124
1.6504  0.804927
2.58021  0.599429
0.463777  -0.791702
1.69017  0.447274
2.46382  6.85711
1.74614  0.463288
1.76482  0.147399
0.887729  -9.17557
2.39681  0.872273
1.01538  -6.72582
2.29995  3.39272
1.25312  0.563332
2.17577  0.389432
1.09408  -0.598756
1.34619  1.13007
1.2344  -2.80344
0.155364  0.329568
2.50454  4.11593
1.46788  5.12385
1.68799  7.84563
1.2554  -2.5214
2.69155  -2.10188
-1.0576  0.280226
-0.181449  13.7037
0.49213  -0.116939
1.41122  2.29733
2.39454  3.84275
2.31645  -7.37823
-1.92278  -0.117521
-0.126304  1.43802
2.57442  -12.0163
2.07689  -11.112
-2.14768  0.289571
1.55364  5.09436
-0.551244  1.13639
1.49504  5.10255
-1.03368  -1.5841
-0.8174  -0.646377
-0.968755  2.78635
-2.30613  0.220645
1.6034  9.98426
0.607366  -0.0813577
2.18689  -20.6793
0.897413  0.0155384
-0.220054  -0.179804
1.69569  2.15493
1.28172  -3.22241
0.261355  -1.72705
0.343829  -5.35969
2.36307  1.54455
0.72766  1.98882
-1.45281  -1.2007
-1.46524  -0.661003
1.03208  -3.92943
0.269052  -0.0485403
0.249677  -2.01239
2.92411  -8.48186
-0.445749  5.00841
0.671871  7.42436
0.433158  4.69935
0.508747  12.3108
0.681922  7.78112
0.295052  -0.472414
1.7761  12.1463
-0.067294  -11.5219
0.20013  3.31727
-0.128806  3.76587
-1.35879  0.643369
-0.927898  -1.29319
1.84073  -10.1219
1.35996  0.830938
-0.388436  1.65737
2.52343  1.96678
0.731002  -0.169213
2.54488  1.57848
1.42176  2.8173
-0.641157  2.81358
2.51755  -1.00561
1.84064  0.80603
-0.12073  -7.02643
-0.0212537  2.11595
1.01828  -2.67255
-0.194248  0.0418163
-2.11952  0.381358
-1.74278  0.553712
-1.43469  -1.666
1.92158  -4.00406
2.44032  -3.25073
0.629603  0.8118
1.26236  0.718615
-1.1753  1.47761
2.40747  -0.0334762
2.08696  1.28839
0.985736  -2.3456
-0.646845  -5.8777
2.5247  0.188212
1.51086  -2.06571
2.51176  -4.72549
1.96472  -1.6693
1.64438  -0.401801
2.6121  -0.870256
1.30342  -4.88857
-1.937  -2.43892
-0.267698  2.49086
2.61756  3.15792
0.583791  -1.43194
0.0936123  -7.67672
1.10504  5.68027
1.46366  1.2064
2.90946  -0.292553
2.55688  -0.346086
1.65614  -6.86096
0.986907  -1.206
2.17938  -4.60111
2.31984  8.64615
-0.368248  -2.27745
1.64677  1.79631
1.80346  0.506331
1.88754  0.987366
0.215653  3.52241
0.887626  -0.226486
1.00649  1.39312
2.36607  0.0969621
2.29815  0.0291405
2.07055  6.6825
2.69525  -12.7421
0.00952272  0.250823
2.63575  -0.895278
0.920301  -10.5805
2.26279  13.1503
1.46615  1.27006
-0.279669  -18.3612
2.69459  0.392062
2.77385  -8.82397
-2.05039  -1.55993
-0.540085  0.486022
2.36259  -0.157161
2.45632  8.19433
-0.46921  0.0797862
-2.15475  -0.265108
2.99818  -3.7083
1.68829  -1.05822
2.98171  -7.50468
2.53656  0.44346
0.251031  -3.3967
2.04663  -2.16163
2.74091  -0.43245
1.54961  -3.49104
-1.09851  0.105118
0.821852  0.230986
2.94747  7.39633
0.953796  -8.09739
-0.889634  -3.29748
2.83554  0.178601
2.13892  -2.56743
-1.90241  2.11675
1.43251  5.454
2.12737  -12.0634
2.19884  -0.964396
1.6512  -0.0682773
1.94112  -0.262858
1.03741  -0.103303
1.49744  -1.4361
1.43517  -8.13994
2.03613  3.34555
-1.42169  -0.746028
-2.01046  0.941187
0.256764  0.350636
1.45555  1.46087
1.25186  -2.38127
2.68599  -6.01073
2.80107  5.21723
1.76348  8.80678
0.722686  2.82165
1.74811  -0.634099
-2.3971  -0.407933
2.92178  -0.738243
0.679399  3.0514
-1.93858  1.01837
1.34325  -1.26716
1.34472  3.02635
2.51559  3.02658
0.713941  -0.24975
-1.21308  0.691192
2.94624  0.448683
-0.272346  0.124476
2.33469  10.7851
2.33699  0.0256954
-1.3034  -0.139858
-1.96464  -0.26283
0.231809  9.63884
-0.0858149  0.86059
2.29195  -2.7032
2.22029  0.0935258
-0.349409  0.602744
0.293314  8.87042
1.30975  -0.961685
0.467059  4.97056
0.799213  -0.955993
2.83469  -0.600877
2.10992  -2.94632
0.591318  -1.96798
-0.304502  -1.71896
-0.938876  0.0317734
2.83502  1.25241
1.21212  -1.87138
1.53113  -3.24075
1.17262  -1.74814
-1.31906  0.896771
0.00145212  -5.75225
-2.3023  2.24252
1.8901  9.28948
-2.34686  -0.493959
1.6338  1.4388
2.26373  1.17354
2.07982  4.04997
0.682165  8.03125
1.3231  -0.774833
1.77162  2.12819
2.30524  -0.0997145
0.732902  -1.81555
2.26773  6.57812
2.03941  0.898486
-0.00196805  -0.879333
1.03727  -6.99357
0.0024488  -2.38798
2.22932  1.02109
1.49867  0.402617
0.195618  0.433064
2.12374  5.56061
-2.11028  -1.14054
-1.5857  1.52747
0.159795  8.53858
2.05372  -3.17424
0.643626  -3.01465
0.00444178  -0.0412565
2.72812  -6.12887
1.01172  -0.51514
-0.0741711  -4.99273
0.241608  -2.46637
-2.08352  4.02779
2.75229  1.45615
-2.19706  0.561611
-1.06201  -0.951448
1.13817  -0.0334805
2.02017  3.12383
1.60307  -7.14665
1.21072  -0.0533483
2.27048  -4.74055
0.881337  0.826132
-0.86079  0.0972714
0.470993  -0.314129
1.46773  -1.21903
1.14088  -1.16224
1.78372  0.321614
2.03662  -2.98404
0.772621  1.8922
-0.766686  -1.06589
-1.70572  1.55245
1.08936  0.369078
1.86953  3.24284
0.518448  -1.08378
1.84921  2.11542
1.063  1.47059
1.48379  -2.4183
-0.0683248  5.51096
0.651776  -0.753657
2.23455  -2.47335
-1.4935  0.542005
1.09577  -3.45075
-0.144802  -4.75484
-0.1988  -1.49296
2.31557  -11.9826
2.81408  -2.5483
2.81963  -2.30896
-1.82488  0.937308
2.06325  1.1803
0.527006  1.36411
1.64914  -13.7579
-0.947124  -5.23753
2.19984  2.24974
0.431065  0.214417
0.713711  -8.27322
-0.762437  0.106625
2.03278  11.5523
0.655216  1.36753
0.675619  1.05856
0.185777  -0.308819
-0.203176  0.0120918
-1.346  -0.948294
-0.0659679  1.51927
1.32614  1.45044
0.153064  3.45291
2.86956  5.19824
-0.0584921  0.116166
2.65346  0.430604
2.26064  10.8013
2.5692  1.98946
-0.452356  -7.81046
-1.10247  -0.238554
2.78633  -1.14755
-1.85363  4.29724
-0.708507  -3.31476
-1.33193  -2.736
-0.243565  -2.74088
2.0928  -7.68886
2.6982  2.5528
0.995362  -5.68737
2.03406  0.445235
-1.76047  1.39523
2.21511  -1.37249
0.760591  -0.56874
-1.02983  -0.610559
-0.0268234  -1.82122
2.06464  3.44842
2.6166  -0.104414
1.31122  2.30315
0.0571917  0.747313
-1.5589  -2.10677
2.11514  -2.51215
2.48747  0.0359206
2.32905  1.76715
2.57983  -0.15562
2.60088  -0.112146
-0.694648  0.00345216
0.637112  0.108488
-1.69099  -0.256477
2.86187  10.4154
1.86601  -1.35192
2.28658  1.9004
1.1087  2.57313
0.249914  -1.63707
1.05564  -4.30813
-1.1757  -0.10238
1.39218  0.456259
-0.407087  0.083375
2.58197  12.451
1.9894  3.29918
-1.36233  0.278288
-1.58683  -3.5123
0.573603  -0.654586
-1.88526  -0.330786
-0.318764  -0.463965
2.78774  0.764983
-2.11561  1.99779
-0.235913  1.10976
1.68576  0.253734
0.788371  2.49128
0.773828  -0.414225
-1.37424  1.54401
0.226324  -1.17935
-0.619049  0.183487
2.50931  0.0904192
1.04565  -0.0921835
0.602368  -1.02615
0.527854  -8.71725
2.24993  -8.43352
-0.812546  -0.486869
1.58987  -4.46204
-0.919259  2.08113
0.15527  4.2161
-0.865466  0.12418
0.982142  0.52581
1.75755  -2.04002
0.57539  -1.62417
1.46553  -9.10428
-1.31951  -0.735847
-0.0855733  -3.20426
-1.20433  1.07186
-1.35387  2.24809
-1.74372  -0.393794
2.53943  -2.50811
-1.75585  2.85793
0.78701  -1.12935
1.29395  -0.053236
2.79622  -4.09906
1.12144  1.19158
2.05169  -0.431233
2.58649  -0.787675
0.317123  12.84
2.70411  -3.70203
0.134383  -0.973776
1.6908  11.0233
0.654622  -1.03005
2.21552  -3.80213
-1.26783  1.2193
1.17451  -1.01367
-1.22867  1.58499
2.84258  2.4028
-0.441045  -1.43324
2.49809  -5.77463
1.42321  0.447339
0.8298  -2.89357
1.54716  8.66277
1.40847  -1.33175
-1.57964  -0.260182
1.55124  7.36662
-0.245283  0.602012
2.37563  -0.312088
0.203563  3.30017
-1.29652  1.01512
1.97849  -0.634875
-1.48856  -0.21808
-0.517068  0.53832
2.40256  7.39586
-0.814082  0.478819
0.61121  -8.06958
2.84961  1.77011
0.311403  0.252243
-0.646724  -0.621694
1.25531  -1.85286
1.60483  5.24592
1.81402  -5.18008
-1.64831  2.02864
-2.18589  0.528958
-0.177579  -0.331043
2.87821  3.4596
0.940834  6.91835
2.98245  -10.4611
-1.03716  5.09682
1.53408  1.78094
2.63935  -0.0352055
2.17758  -4.28064
-0.593987  0.337433
-0.811482  -0.430986
1.52965  -1.36302
2.64976  21.8076
2.75974  0.342195
0.420674  1.356
2.79116  -1.90954
-0.624614  6.26444
-1.98628  1.33201
-0.922497  -2.47977
-0.0497001  -1.11656
1.5697  -2.11827
0.462553  -2.58667
0.438176  0.508319
0.641854  -2.00574
1.14046  1.60746
2.31671  4.79857
2.92446  27.2817
2.56208  -1.65646
-2.00028  -0.789966
2.78493  0.480051
0.564155  -1.70845
2.42591  -0.646714
-0.477398  -7.2434
-1.76922  -2.15886
-0.529855  -1.14087
-0.0403113  2.79214
1.71759  -0.988779
1.16055  -0.505751
2.7349  0.577716
-0.191347  1.54231
-0.825687  -0.490123
1.38399  -1.22876
-0.551142  6.58768
-0.64641  0.0427932
1.75656  -1.21668
0.224124  -1.52031
1.01391  -0.443296
0.247104  -0.180279
2.41747  -0.515459
2.3187  4.19193
0.436201  0.879527
0.496471  1.35993
-0.415258  -4.31906
2.13157  -0.759569
-1.50152  1.17974
2.98246  -0.681262
2.43219  1.26166
2.6978  3.9662
-0.246692  -3.96861
0.460498  -3.31529
1.30723  1.23071
1.73824  1.03056
0.981139  0.0300032
0.250621  3.34908
2.49306  2.3254
0.936117  -1.37745
1.55442  -1.25541
-0.775021  -3.15948
-1.44758  3.01554
2.0821  -19.4837
-0.496548  -2.93213
1.37384  -1.27165
1.8738  -3.69606
2.52127  -2.94955
2.62466  -0.501086
-1.73509  -0.641336
0.208392  0.691375
2.86532  0.200327
0.248138  -0.851287
-1.19204  -2.95814
0.659716  -2.03544
2.12008  3.43619
1.39279  -2.91249
0.347918  0.162317
2.33031  2.60154
1.52838  -0.367978
-1.01727  2.45909
2.18699  0.0951338
0.468025  2.10389
-1.57424  0.544447
-0.597271  -1.82423
-1.55986  0.901508
2.27288  0.215477
-0.676143  -0.0506272
1.86785  -0.511135
-0.268894  0.214023
-0.191144  -0.83275
0.460627  -0.055396
-0.452807  0.176369
-0.242766  2.13919
2.49012  1.03635
-0.540123  -0.864471
1.82317  1.83552
2.88419  0.683549
0.234863  1.47332
0.0343544  -1.51179
-0.156123  -1.31664
2.93211  -0.419726
2.54171  -0.935581
-0.605537  3.08847
1.53496  0.260359
2.65279  -0.363108
0.388998  0.0784791
-1.17081  1.37816
1.07905  -11.2133
1.15776  -0.861242
0.979632  2.50254
2.65963  7.41757
1.93811  4.75193
2.78288  3.09737
2.90971  -1.74072
1.06396  -1.65819
2.30988  0.0233657
1.26541  -5.00932
-0.213922  -0.677537
-0.326936  -0.958097
2.83099  -1.55689
2.21559  -8.80241
1.31714  -7.04214
1.49934  -2.60877
-1.01924  0.773388
1.3777  -14.0502
1.7365  0.0141059
2.35126  1.3226
0.732717  -1.06366
-1.89029  0.286185
-1.57517  -0.510196
1.408  -0.876059
0.168408  1.14301
0.0290639  0.656959
0.905107  -1.39676
2.44393  -0.443162
2.48198  -6.13587
0.899634  7.35395
0.404268  0.0323658
-0.718898  -1.76848
0.952117  14.2052
-0.50564  5.3595
-0.625062  0.824195
-1.48792  -2.3867
2.38253  -3.05483
1.2228  -8.85004
0.355026  -5.20231
1.69107  -0.748482
-1.06917  -0.151499
2.11272  -25.9366
0.666466  0.365812
2.20531  2.31095
-1.81758  -0.730554
0.335575  -0.247293
0.446282  0.676288
0.562862  -0.0610477
2.21034  -4.50152
2.45447  -0.247139
-0.441429  5.16469
1.7739  -14.4296
2.97481  -1.91102
0.701428  -0.632141
2.37809  -0.00957464
-0.925403  1.11638
0.447739  3.62581
2.40348  -0.805422
1.10101  -3.23958
2.46521  -11.1173
1.21071  50.6614
0.332779  9.55354
0.406266  0.776883
1.16  -4.14529
2.69599  -0.730217
2.44091  -3.79618
2.70855  11.0405
0.16561  -0.563954
-0.801496  -2.23009
-0.767309  -0.466642
-0.178472  0.531084
-0.928517  -1.64561
2.43585  -1.27039
-1.31657  0.225876
1.85842  0.40605
-1.19812  3.86562
0.411343  -11.5158
0.19569  -2.40804
0.631658  0.970049
-0.310653  9.16083
-1.56383  -1.26243
-0.0776638  -1.00601
-0.630279  -1.54532
0.999329  0.113964
2.05628  0.299185
2.98907  1.57569
2.96732  -2.31082
-0.410306  2.36196
0.888293  9.86242
1.5954  0.0941752
2.18649  -0.0904351
1.7412  0.321071
0.2396  0.671935
-0.467586  -3.06524
1.62451  -0.00781561
-1.15712  -0.824676
2.49101  -1.39783
-1.23557  0.862586
0.48118  -2.39775
0.419652  -1.70615
-2.06918  -1.89451
2.45412  0.291856
0.680134  0.17634
2.54024  2.92637
0.187264  -4.06275
0.673257  -4.46885
2.7897  -9.72163
2.90255  8.03725
2.66681  -0.737835
-1.06644  -0.837944
-1.69473  0.3941
0.0974072  -1.52033
-0.463  1.43213
2.8363  0.843665
2.26186  -0.569944
2.85897  2.38541
2.24345  4.61621
1.54082  2.88678
0.957971  -1.44115
-1.53266  -1.9189
2.65169  0.629117
1.4696  -1.05384
1.49398  -15.1643
0.712607  -5.87171
2.60881  0.265182
0.483231  1.98905
2.61293  2.69133
2.64538  1.75456
1.42645  0.622816
2.02809  0.568927
-0.174268  3.865
1.61056  19.7057
1.28884  6.98746
1.77155  -0.347177
2.48585  -4.94537
0.589453  11.7769
1.42492  1.17384
0.782969  -0.475612
2.95898  -5.19458
0.727239  -19.1743
1.33261  7.88998
-0.147029  -0.671813
2.19242  -1.60448
2.26538  15.9051
1.97617  2.83125
2.95949  2.54967
-0.383022  2.57994
-1.64518  3.69584
2.81946  -10.0648
1.5698  -0.333043
1.20745  1.36828
0.445942  -18.4202
2.58872  3.35902
-1.68202  1.80422
1.91702  -0.0254404
0.698697  -0.24464
0.00386948  0.36251
-0.493358  0.296608
1.50484  -2.39462
1.96714  -2.67003
1.3338  -1.23929
-0.641518  -0.169893
-0.479065  -1.91179
-0.316479  0.0634615
0.992419  0.0744962
-1.37738  -0.113216
0.0806275  0.749294
2.58078  0.00174495
-0.948134  2.85454
-0.828989  -0.200528
2.49689  -3.73779
0.132415  0.512811
1.42674  4.20341
0.872226  -0.0669721
1.83978  4.47512
-1.03169  0.729633
2.09366  -1.18295
1.21888  -12.2449
2.22881  -3.62166
-0.106057  6.06271
-1.54098  -0.158423
2.95459  2.22855
-1.43008  -5.24383
1.07082  -1.20388
0.979163  1.24485
1.73707  1.08343
0.188364  0.455868
2.19651  0.138734
-1.43124  1.00588
0.727869  -0.472084
0.733686  -1.65088
2.85539  7.45402
0.640539  0.851674
2.76428  -0.0745368
2.16029  0.250246
-0.55295  -0.882864
2.99712  -0.256753
-0.134086  2.82028
2.9181  0.719898
-0.353547  -3.12267
0.222589  1.70007
2.48657  -0.19644
-0.12336  -0.752822
0.792912  9.04507
-0.755137  -0.0442782
-0.467373  0.839128
2.11058  7.34747
2.39623  17.2961
2.59197  -2.43078
1.50117  11.9991
0.0303566  -0.417402
1.67146  5.06956
2.19482  6.29557
2.71545  -4.93497
-0.691304  0.873928
0.600102  -3.14359
0.939704  0.499732
2.43119  3.19291
2.48819  -2.2057
-2.28554  1.27683
1.30655  0.282913
2.03557  0.4514
-1.91823  -5.76195
0.89593  -0.0311801
-1.28493  -1.61784
-1.40659  -0.271973
-1.04486  0.2148
0.738976  -0.156493
0.603067  2.49495
-0.241651  -0.65335
-2.07945  0.2459
-0.789754  1.99148
1.19478  13.5611
2.03722  -0.655391
-0.378763  -0.522353
-1.96732  2.62674
2.54581  2.28536
0.659665  0.281596
-0.403535  -1.01195
-0.655092  -2.50875
-1.31473  0.0887276
2.51657  -8.7131
-0.686535  1.14498
2.77856  4.5734
1.64952  -12.1458
-0.132102  -1.57286
2.48426  1.17702
0.207282  2.85572
0.944172  -0.471672
2.12735  -0.148974
-0.820908  1.7167
-1.23724  -1.5748
-1.42464  0.415892
1.28183  3.29713
2.64716  1.15901
2.09051  5.80679
2.11239  12.4651
0.0657587  -3.11763
0.943335  0.459613
2.16928  1.93694
-1.43853  -0.214553
-1.39357  -0.704924
2.59781  0.858144
-0.477092  3.88328
2.81056  -1.40007
0.554861  -1.17241
-0.0406766  -5.32416
1.74231  0.110102
0.908991  8.43989
0.701242  0.668073
1.16271  -2.99187
2.62496  -0.000950122
1.75338  -0.966367
1.07471  2.74007
-0.113367  -0.123545
-0.472091  -0.83446
1.28442  -2.61784
2.57138  0.406355
2.50922  0.454153
1.54964  -1.20152
2.11914  -6.04334
1.38013  4.23871
2.26057  1.22849
2.44287  3.49269
1.15375  0.398192
2.65994  -6.04342
2.37663  7.64395
-1.5498  6.41167
0.956881  -1.95365
0.0976377  2.45132
1.20114  -4.01708
1.05345  0.38563
2.89047  9.00345
2.33323  1.26198
2.19813  -0.813067
1.96241  -0.14613
0.496981  -0.0217234
0.606196  0.716359
-0.168145  -0.230766
0.619037  4.03479
2.69306  -4.34562
0.584002  -1.43949
-0.71717  1.60407
2.24368  0.491316
1.33702  -2.31346
0.380759  0.38522
0.105484  4.48072
1.98761  6.3662
-0.380162  0.396414
2.82968  -3.17416
2.67979  -3.27919
2.32887  2.27041
-1.85496  0.725138
0.660859  -1.05375
2.40454  0.321456
0.96009  0.0324308
-0.0550027  -0.975815
2.12013  0.955784
0.415564  -0.00440462
-0.365527  0.128039
0.748232  -0.0805914
0.385477  6.19275
2.04978  0.217436
2.70787  -2.416
1.97128  -2.58262
-2.13681  -0.1026
1.32568  3.50391
1.95043  9.91805
-1.54654  -3.08441
0.138335  8.28986
0.922841  -2.78895
0.427799  -1.1428
1.36775  -1.31125
2.38569  -1.08959
-2.51768  -0.980035
0.590647  -1.96545
2.85306  -2.76551
0.668926  0.0268748
1.61949  5.92619
0.585192  0.881361
2.82507  7.51499
-1.133  2.78518
0.901132  0.450022
1.25947  1.29266
0.696363  -1.20003
2.92111  -1.01674
2.97027  6.40501
2.81386  16.5453
-0.412615  -3.53271
1.13817  1.19651
-1.85678  1.17381
1.95732  0.263613
2.93155  -2.31933
0.608908  1.16933
1.25361  1.15777
-1.82775  2.16348
1.55727  -2.1603
0.521442  10.103
1.20295  0.0731061
2.12173  -5.94195
2.09964  0.395406
0.175849  -2.78112
2.16206  -8.76434
-0.548146  -0.921252
2.33097  -0.715651
-1.70049  1.15358
1.26156  -6.69899
2.4545  -0.243194
-0.41282  -2.15013
2.35195  -1.53991
1.75215  0.533082
1.14216  -11.0341
-0.273839  5.20475
0.198884  0.706092
2.6343  0.24636
1.03297  -2.75415
1.24986  6.56665
1.03023  -1.71096
0.719744  -16.436
-0.287745  -7.01096
1.49042  -3.17806
-1.1792  2.80668
1.28671  -0.0283485
0.475299  -1.20524
1.76944  -4.40991
-0.778252  0.354463
-1.51586  -3.51843
0.972708  0.319838
1.96561  0.471805
2.6765  -2.72345
0.740656  2.48063
2.74452  -3.98708
1.16059  5.00977
2.10324  -2.36152
0.622897  -1.82848
1.60207  0.546621
1.21449  -7.84878
-0.784025  -3.53656
2.27963  0.669351
-1.78613  -2.03519
2.54969  0.476494
-1.27533  2.71496
2.82906  -4.21157
-1.60386  -1.07196
-1.39158  0.700504
2.32946  -1.12168
0.153645  -2.13306
2.6029  0.171585
-1.31931  -0.507992
1.70863  -1.32964
-0.362406  -1.13264
1.03951  -3.92168
2.66753  -18.2348
1.38504  -3.13475
1.46064  1.61439
-1.45321  3.20718
0.0919657  2.82918
2.75619  24.0205
2.61291  -5.20357
2.75178  -1.27424
2.52053  10.0525
0.672686  0.261578
0.747333  -2.20663
2.93085  3.33657
1.66602  1.44923
0.425237  -1.69669
-0.960009  -1.97728
1.15826  -12.572
1.87874  -6.26947
-0.495095  -0.615827
2.90378  1.65681
-1.96137  -1.04776
2.99068  0.327772
1.3357  -2.31415
0.737495  0.211888
1.29096  -0.240557
-1.66785  1.52662
-0.88581  0.642973
-1.09193  -1.41223
-1.32064  3.41338
-0.428481  -0.40273
0.850394  -0.832369
-0.424471  2.73573
1.64963  0.400816
2.86394  4.24731
0.520242  6.90308
1.63339  -6.18273
1.15913  8.2333
1.17413  1.90337
-0.799503  -2.50944
2.28543  -1.52334
-0.392805  -0.962201
0.319214  -2.14275
2.71265  -11.5711
2.52658  -0.0164175
1.6916  1.35168
-2.14747  -1.90341
-2.20333  3.03175
1.40241  -1.64327
2.607  -4.41551
2.29693  0.748961
0.717972  19.3414
-1.10084  1.12631
2.83019  -5.28322
0.668422  10.8268
-0.0887887  0.465941
2.01332  16.1698
2.39518  2.4073
-1.20608  2.17143
2.34695  0.214824
1.54386  1.20407
0.642765  -0.268941
-1.57737  -0.728574
-0.839045  0.117041
-1.79405  0.282908
-2.10319  0.0650014
-1.34675  0.842193
2.62502  -4.38241
1.51906  2.2778
2.81212  -0.776784
0.322533  0.253034
-0.244915  -1.10244
-2.05381  0.827712
-0.946367  -1.05578
2.44546  0.263449
1.5039  0.502246
2.5433  -0.189207
-0.158984  -11.576
2.39615  -6.6713
-0.533324  -0.617725
-1.86537  0.187077
0.396608  15.8999
2.69943  -6.29375
0.799585  -0.783593
2.19721  -5.06696
1.14123  -5.95589
0.367435  -0.615553
0.775883  12.238
-1.17096  1.60562
-0.91046  1.3256
2.8689  -4.06329
-1.7262  -2.37822
0.704556  2.01282
0.0717722  -1.90443
0.431453  -0.530377
0.304712  -1.5605
2.05615  3.39365
-0.102203  6.7671
2.28767  1.8253
1.9503  0.272289
2.28082  -11.0462
-1.44129  4.34051
-0.802407  2.06638
1.82288  0.323156
0.229273  0.881185
1.71105  2.30603
-1.10686  -0.514152
0.843333  -6.04088
2.25228  -6.45049
2.85081  -3.73777
-0.363583  -0.311429
1.92715  -1.49464
-0.112973  -0.320676
1.52883  -0.507328
-0.177286  4.67327
1.67862  4.33089
-0.95687  -2.77626
1.83692  -9.0742
0.170591  -0.475245
2.5529  17.6456
0.758106  -1.72025
2.44483  0.80058
0.39232  0.473189
0.696203  1.54096
-0.907962  -0.190452
2.14729  0.995297
-2.11972  0.954684
1.20794  5.16401
1.70511  -2.54803
0.0340398  -7.74928
0.599618  -1.49277
0.840509  -0.193803
-0.432892  -4.58196
1.41863  22.3734
-1.23971  -2.03918
1.47989  1.50962
-1.59781  0.230046
1.95252  1.12546
2.63506  -2.01857
2.90642  0.874378
-0.784715  6.14706
-1.12214  0.756691
0.706507  -0.190236
-1.25254  -1.56296
1.69852  3.77036
-0.709996  1.11728
-0.180485  -4.25859
-0.700667  0.775351
0.983843  7.51894
0.730493  2.9318
2.41104  -0.116897
2.5609  -0.11235
2.49222  0.878432
0.769801  -4.70837
1.53739  -3.71539
2.88239  -0.651837
0.803825  1.57362
1.39083  1.55973
-0.71371  -0.0110249
1.60538  -0.371785
2.10864  1.1008
-1.8355  0.757345
0.0831841  -0.0214914
2.60737  10.2289
-0.541578  0.542899
0.693745  14.8598
0.456003  1.1792
-1.54969  -0.113426
0.897482  2.90031
0.194446  0.0320595
-0.902138  -0.85296
2.06229  4.67043
2.42054  -3.58715
-1.08462  0.73063
1.86463  -6.22696
1.91757  0.834546
1.39735  -0.847427
0.222968  1.00771
0.926112  -1.95798
-1.24273  -0.322575
-0.905728  -1.00405
2.18385  -1.83008
-0.435052  -0.268764
0.799155  -1.73955
0.625853  -2.47467
0.038418  -0.9888
-1.52304  0.83762
-1.12893  -3.43233
0.0775595  7.05099
1.54774  -0.612785
-1.84834  0.299131
2.57607  1.8089
0.145481  5.4612
1.61043  0.383359
-0.786923  -0.728075
-1.63173  -1.91141
2.61527  2.15877
1.14782  4.25411
1.5362  -8.86265
1.17814  -0.959197
2.48886  -10.294
0.079212  2.61466
0.83932  2.62293
0.430577  -17.9996
2.24749  -0.301545
1.54244  0.541842
1.43312  0.321448
1.97298  -1.78909
-0.60417  -0.0585541
2.21875  -16.6399
2.16362  8.17883
-0.0702595  -2.21445
2.05513  4.12876
1.83234  -3.51115
1.67904  -6.90158
2.22338  8.24363
-0.163927  3.0768
2.50567  0.273776
-0.337409  7.63896
-1.8538  2.50349
2.03482  -5.33797
1.83797  2.25784
0.584959  0.238462
-0.239553  0.0689218
2.09819  -0.0446518
1.46828  -0.315204
-1.45971  2.47215
-1.38748  -1.44927
1.83096  -2.6164
2.79168  -0.304222
2.30392  2.84406
0.348675  -1.90656
2.3256  -2.39066
-1.00408  0.950378
-0.614151  0.150573
-0.295339  -3.67003
0.724024  2.48749
0.661279  3.16605
2.721  -0.141767
0.630227  -5.8281
1.73592  -6.31624
1.1709  -2.68793
1.53907  7.72545
1.84163  0.979527
-1.98643  -0.335294
2.49435  0.651567
1.04405  -4.02183
-0.650569  -3.95273
-1.52626  1.54279
1.54369  1.2887
1.66354  3.74136
-2.14804  -3.4874
-1.78032  -0.193264
1.48286  5.06276
-0.602026  -1.76871
1.35394  0.511581
2.34161  -2.79809
0.469333  -1.31098
1.33402  5.94765
-1.93511  0.351298
-0.389084  -0.304849
1.20132  9.14836
2.88433  0.109564
0.0818683  -18.2304
0.110704  -2.37968
0.659358  -7.16461
1.85421  3.71762
0.219965  0.676414
2.17689  1.73734
0.342869  -7.73527
2.74377  4.67141
0.987859  -1.17483
2.2477  6.09855
1.17685  -0.739511
0.742662  -0.307917
1.7054  -9.10423
1.49114  5.04302
2.58099  0.846597
2.48762  3.09123
1.59825  1.28167
-0.296354  -1.36225
0.860919  1.611
2.50605  0.087455
1.48063  -0.119826
2.61288  14.8965
2.26331  -1.17415
1.09478  2.97676
1.65478  -1.01663
0.819648  -1.68077
0.561678  6.54358
1.84413  -0.572541
1.93336  1.83871
0.470929  -0.573817
0.50758  -0.161536
0.396751  0.647813
1.22848  15.2782
1.44048  2.58238
1.78495  0.187984
-2.01  -1.8091
2.97341  1.96074
-1.72429  -0.0454854
-1.63105  -2.37658
-1.50495  1.62614
2.85246  -0.998922
2.65975  2.02461
-0.268091  -1.56466
-0.879999  -0.401657
-2.02554  1.84689
0.701209  0.0922794
-1.1659  0.175425
1.66231  -1.31643
0.622808  1.83041
2.04445  4.39521
2.45814  -0.660229
2.06958  -4.12401
1.04043  2.78208
-0.546206  -1.42117
2.06427  -3.76237
-2.08332  0.239696
-1.68479  1.47417
1.7236  45.6022
1.31524  0.0941404
0.805252  -6.2541
0.847546  -0.243238
2.36147  -5.21275
2.80874  1.3157
2.23774  5.64109
1.1324  -5.18122
2.63079  5.07282
2.04488  -3.61577
1.61963  0.391225
-1.76553  -0.182554
0.343944  -0.503951
-0.0420927  2.05159
0.491268  -0.343416
2.12846  0.130785
1.46225  6.19636
0.485314  -8.29345
2.32811  1.856
-1.71226  0.17247
-2.08529  -0.44004
-0.540321  -0.555539
0.238034  0.336747
1.04828  3.66806
-0.529777  -1.99961
2.54034  11.0954
0.219427  -0.952504
0.939117  -1.20686
1.1841  -3.00811
0.292514  2.11486
2.39463  5.2363
-0.111149  0.588009
-2.03798  0.202928
1.59676  -0.814497
1.8533  -2.58274
-1.08861  -2.90451
2.95933  -10.725
-0.919539  -3.02569
0.247788  -2.37962
2.38611  2.17498
1.06405  -0.660185
0.480912  0.28237
2.71957  -4.86386
0.319573  -0.722833
2.66915  -0.877611
2.37447  0.929637
2.33306  -3.35135
0.540608  2.52073
2.50719  -0.38989
1.91079  0.646299
-0.788583  -0.418397
1.44082  -8.43079
2.72687  1.86929
1.50871  0.388626
1.4313  0.374688
0.608473  -1.05054
-2.29553  0.639709
0.266774  -1.41732
1.0263  2.06863
1.93124  1.20144
0.973202  -0.084222
1.47703  -0.0546019
1.21283  8.0832
2.06122  -0.911621
1.25607  -4.70445
2.91665  0.059456
-0.362613  -1.13809
0.468977  -1.17306
-1.51618  0.222398
1.04778  1.13573
-1.4848  2.89701
1.62721  2.17045
2.71811  -7.5938
-1.25003  0.720882
1.28606  -0.101214
-0.254871  1.06988
2.97426  5.22162
2.475  1.21424
2.1734  -4.02424
1.79265  4.79652
1.64661  0.874546
0.845356  1.27599
-1.82366  1.50246
-1.21179  -0.855067
0.952813  -4.3203
-0.771152  -1.56163
1.56465  -1.56423
1.91817  6.36184
1.88107  -0.396367
0.141553  -1.08963
2.02383  0.650307
2.17778  -0.954298
-1.84441  0.424928
0.0454083  6.11609
2.4926  0.624575
-1.68798  -2.92806
1.25303  0.0227697
2.46561  7.61247
1.36395  0.947171
1.58921  -7.60621
1.71446  -0.476748
2.39302  8.98795
-0.51038  0.166457
0.183074  -1.99262
2.21634  -2.93186
2.7957  6.93584
-0.708405  1.03689
-0.165742  4.94293
-1.88023  -0.0992693
1.10535  -5.68472
2.88037  -12.5594
1.96232  3.05452
2.83588  5.67707
-0.959869  1.28678
2.79298  -0.154376
-0.539541  2.1812
-0.0275351  0.51421
-0.983594  -0.5822
-1.44841  1.61171
0.968635  -10.9954
2.56646  0.754797
0.236603  0.315521
2.35749  -0.947824
0.224274  0.42474
0.0822255  1.54207
2.13738  -3.26484
2.57469  -11.1389
2.59062  0.0980272
-0.219572  -5.89025
0.0693696  0.492976
0.732561  -2.34701
-1.41368  -0.200916
0.45382  -0.390966
2.00472  -0.157588
-1.29866  2.19202
0.0757238  0.182488
-1.63392  0.598234
0.612719  -4.46531
1.42732  0.455552
1.43472  0.527697
0.321633  2.71715
0.925596  3.036
0.423723  0.465123
-0.881692  0.0081413
2.10821  0.13156
